,2025-03-24,2025-03-25,2025-03-26,2025-03-27,2025-03-28,2025-03-29,2025-03-30,2025-03-31,2025-04-01,2025-04-02,2025-04-03,2025-04-04,2025-04-05,2025-04-06,2025-04-07,2025-04-08,2025-04-09,2025-04-10,2025-04-11,2025-04-12,2025-04-13,2025-04-14,2025-04-15,2025-04-16,2025-04-17,2025-04-18,2025-04-19,2025-04-20,2025-04-21,2025-04-22,2025-04-23,2025-04-24,2025-04-25,2025-04-26,2025-04-27,2025-04-28,2025-04-29,2025-04-30,2025-05-01,2025-05-02,2025-05-03,2025-05-04,2025-05-05,2025-05-06,2025-05-07,2025-05-08,2025-05-09,2025-05-10,2025-05-11,2025-05-12,2025-05-13,2025-05-14,2025-05-15,2025-05-16,2025-05-17,2025-05-18,2025-05-19,2025-05-20,2025-05-21,2025-05-22,2025-05-23,2025-05-24,2025-05-25,2025-05-26,2025-05-27,2025-05-28,2025-05-29,2025-05-30,2025-05-31,2025-06-01,2025-06-02,2025-06-03,2025-06-04,2025-06-05,2025-06-06,2025-06-07,2025-06-08,2025-06-09,2025-06-10,2025-06-11,2025-06-12,2025-06-13,2025-06-14,2025-06-15,2025-06-16,2025-06-17,2025-06-18,2025-06-19,2025-06-20,2025-06-21,2025-06-22,2025-06-23,2025-06-24,2025-06-25,2025-06-26,2025-06-27,2025-06-28,2025-06-29,2025-06-30,2025-07-01,2025-07-02,2025-07-03,2025-07-04,2025-07-05,2025-07-06,2025-07-07,2025-07-08,2025-07-09,2025-07-10,2025-07-11,2025-07-12,2025-07-13,2025-07-14,2025-07-15,2025-07-16,2025-07-17,2025-07-18,2025-07-19,2025-07-20,2025-07-21,2025-07-22,2025-07-23,2025-07-24,2025-07-25,2025-07-26,2025-07-27,2025-07-28,2025-07-29,2025-07-30,2025-07-31,2025-08-01,2025-08-02,2025-08-03,2025-08-04,2025-08-05,2025-08-06,2025-08-07,2025-08-08,2025-08-09,2025-08-10,2025-08-11,2025-08-12,2025-08-13,2025-08-14,2025-08-15,2025-08-16,2025-08-17,2025-08-18,2025-08-19,2025-08-20,2025-08-21,2025-08-22,2025-08-23,2025-08-24,2025-08-25,2025-08-26,2025-08-27,2025-08-28,2025-08-29,2025-08-30,2025-08-31,2025-09-01,2025-09-02,2025-09-03,2025-09-04,2025-09-05,2025-09-06,2025-09-07,2025-09-08,2025-09-09,2025-09-10,2025-09-11,2025-09-12,2025-09-13,2025-09-14,2025-09-15,2025-09-16,2025-09-17,2025-09-18,2025-09-19,2025-09-20,2025-09-21,2025-09-22,2025-09-23,2025-09-24,2025-09-25,2025-09-26,2025-09-27,2025-09-28,2025-09-29,2025-09-30,2025-10-01,2025-10-02,2025-10-03,2025-10-04,2025-10-05,2025-10-06,2025-10-07,2025-10-08,2025-10-09
00:30,,0.0,0.0,0.0,0.0,0.0,0.0,0.0,0.0,0.0,0.0,0.0,0.0,0.0,0.0,0.0,0.0,0.0,0.0,0.0,0.0,0.0,0.0,0.0,0.0,0.0,0.0,0.0,0.0,0.0,0.0,0.0,0.0,0.0,0.0,0.0,0.0,0.0,0.0,0.0,0.0,0.0,0.0,0.0,0.0,0.0,0.0,0.0,0.0,0.0,0.0,0.0,0.0,0.0,0.0,0.0,0.0,0.0,0.0,0.0,0.0,0.0,0.0,0.0,0.0,0.0,0.0,0.0,0.0,0.0,0.0,0.0,0.0,0.0,0.0,0.0,0.0,0.0,0.0,0.0,0.0,0.0,0.0,0.0,0.0,0.0,0.0,0.0,0.0,0.0,,0.0,0.0,0.0,0.0,0.0,0.0,0.0,0.0,0.0,0.0,0.0,0.0,,,0.0,0.0,0.0,0.0,0.0,0.0,0.0,0.0,0.0,0.0,0.0,0.0,0.0,0.0,0.0,0.0,0.0,0.0,0.0,0.0,0.0,0.0,0.0,0.0,0.0,0.0,0.0,0.0,0.0,0.0,0.0,0.0,0.0,0.0,0.0,0.0,0.0,0.0,0.0,0.0,0.0,0.0,0.0,0.0,0.0,0.0,0.0,0.0,0.0,0.0,0.0,0.0,0.0,0.0,0.0,0.0,0.0,0.0,0.0,0.0,0.0,0.0,0.0,0.0,0.0,0.0,0.0,0.0,0.0,0.0,,0.0,0.0,0.0,0.0,0.0,0.0,0.0,0.0,0.0,0.0,0.0,0.0,0.0,0.0,0.0,0.0,0.0,0.0,0.0,0.0,0.0,0.0,0.0,0.0
01:00,,0.0,0.0,0.0,0.0,0.0,0.0,0.0,0.0,0.0,0.0,0.0,0.0,0.0,0.0,0.0,0.0,0.0,0.0,0.0,0.0,0.0,0.0,0.0,0.0,0.0,0.0,0.0,0.0,0.0,0.0,0.0,0.0,0.0,0.0,0.0,0.0,0.0,0.0,0.0,0.0,0.0,,,0.0,0.0,0.0,0.0,0.0,0.0,0.0,0.0,0.0,0.0,0.0,0.0,0.0,0.0,0.0,0.0,0.0,0.0,0.0,0.0,0.0,0.0,0.0,0.0,0.0,0.0,0.0,0.0,0.0,0.0,0.0,0.0,0.0,0.0,0.0,0.0,0.0,0.0,0.0,0.0,0.0,0.0,0.0,0.0,0.0,0.0,,0.0,0.0,0.0,0.0,0.0,0.0,0.0,0.0,0.0,0.0,0.0,0.0,,,0.0,0.0,0.0,0.0,0.0,0.0,0.0,0.0,0.0,0.0,0.0,0.0,0.0,0.0,,0.0,0.0,0.0,0.0,0.0,0.0,0.0,0.0,0.0,0.0,0.0,0.0,0.0,0.0,0.0,0.0,0.0,0.0,0.0,0.0,0.0,0.0,0.0,0.0,0.0,0.0,0.0,0.0,0.0,0.0,0.0,0.0,0.0,0.0,0.0,0.0,0.0,0.0,0.0,0.0,0.0,0.0,0.0,0.0,0.0,0.0,0.0,0.0,0.0,0.0,0.0,0.0,0.0,0.0,0.0,,0.0,0.0,0.0,0.0,0.0,0.0,0.0,0.0,0.0,0.0,0.0,0.0,0.0,0.0,0.0,0.0,0.0,0.0,0.0,0.0,0.0,0.0,0.0,0.0
01:30,,0.0,0.0,0.0,0.0,0.0,0.0,0.0,0.0,0.0,0.0,0.0,0.0,0.0,0.0,0.0,0.0,0.0,0.0,0.0,0.0,0.0,0.0,0.0,0.0,0.0,0.0,0.0,0.0,0.0,0.0,0.0,0.0,0.0,0.0,0.0,0.0,0.0,0.0,0.0,0.0,0.0,,,0.0,0.0,0.0,0.0,0.0,0.0,0.0,0.0,0.0,0.0,0.0,0.0,0.0,0.0,0.0,0.0,0.0,0.0,0.0,0.0,0.0,0.0,0.0,0.0,0.0,0.0,0.0,0.0,0.0,0.0,0.0,0.0,0.0,0.0,0.0,0.0,0.0,0.0,0.0,0.0,0.0,0.0,0.0,0.0,0.0,0.0,,0.0,0.0,0.0,0.0,0.0,-1.91,0.0,0.0,0.0,0.0,0.0,0.0,,,0.0,0.0,0.0,0.0,0.0,0.0,0.0,0.0,0.0,0.0,0.0,0.0,0.0,0.0,,0.0,0.0,0.0,0.0,0.0,0.0,0.0,0.0,0.0,0.0,0.0,0.0,0.0,0.0,0.0,0.0,0.0,0.0,0.0,0.0,0.0,0.0,0.0,0.0,0.0,0.0,0.0,0.0,0.0,0.0,0.0,0.0,0.0,0.0,0.0,0.0,0.0,0.0,0.0,0.0,0.0,0.0,0.0,0.0,0.0,0.0,0.0,0.0,0.0,0.0,0.0,0.0,0.0,0.0,0.0,,0.0,0.0,0.0,0.0,0.0,0.0,0.0,0.0,0.0,0.0,0.0,0.0,0.0,0.0,0.0,0.0,0.0,0.0,0.0,0.0,0.0,0.0,0.0,0.0
02:00,,0.0,0.0,0.0,0.0,0.0,0.0,0.0,0.0,0.0,0.0,0.0,0.0,0.0,0.0,0.0,0.0,0.0,0.0,0.0,0.0,0.0,0.0,0.0,0.0,0.0,0.0,0.0,0.0,0.0,0.0,0.0,0.0,0.0,0.0,0.0,0.0,0.0,0.0,0.0,0.0,0.0,,,0.0,0.0,0.0,0.0,0.0,0.0,0.0,0.0,0.0,0.0,0.0,0.0,0.0,0.0,0.0,0.0,0.0,0.0,0.0,0.0,0.0,0.0,0.0,0.0,0.0,0.0,0.0,0.0,0.0,0.0,0.0,0.0,0.0,0.0,0.0,0.0,0.0,0.0,0.0,0.0,0.0,0.0,0.0,0.0,0.0,0.0,,0.0,0.0,0.0,0.0,0.0,-0.4583333333333333,0.0,0.0,0.0,0.0,0.0,0.0,,,0.0,0.0,0.0,0.0,0.0,0.0,0.0,0.0,0.0,0.0,0.0,0.0,0.0,0.0,,0.0,0.0,0.0,0.0,0.0,0.0,0.0,0.0,0.0,0.0,0.0,0.0,0.0,0.0,0.0,0.0,0.0,0.0,0.0,0.0,0.0,0.0,0.0,0.0,0.0,0.0,0.0,0.0,0.0,0.0,0.0,0.0,0.0,0.0,0.0,0.0,0.0,0.0,0.0,0.0,0.0,0.0,0.0,0.0,0.0,0.0,0.0,0.0,0.0,0.0,0.0,0.0,0.0,0.0,0.0,,0.0,0.0,0.0,0.0,0.0,0.0,0.0,0.0,0.0,0.0,0.0,0.0,0.0,0.0,0.0,0.0,0.0,0.0,0.0,0.0,0.0,0.0,0.0,0.0
02:30,,0.0,0.0,0.0,0.0,0.0,0.0,0.0,0.0,0.0,0.0,0.0,0.0,0.0,0.0,0.0,0.0,0.0,0.0,0.0,0.0,0.0,0.0,0.0,0.0,0.0,0.0,0.0,0.0,0.0,0.0,0.0,0.0,0.0,0.0,0.0,0.0,0.0,0.0,0.0,0.0,0.0,,,0.0,0.0,0.0,0.0,0.0,0.0,0.0,0.0,0.0,0.0,0.0,0.0,0.0,0.0,0.0,0.0,0.0,0.0,0.0,0.0,0.0,0.0,0.0,0.0,0.0,0.0,0.0,0.0,0.0,0.0,0.0,0.0,0.0,0.0,0.0,0.0,0.0,0.0,0.0,0.0,0.0,0.0,0.0,0.0,0.0,0.0,,0.0,0.0,0.0,0.0,0.0,0.0,0.0,0.0,0.0,0.0,0.0,0.0,,,0.0,0.0,0.0,0.0,0.0,0.0,,0.0,0.0,0.0,0.0,0.0,0.0,0.0,,0.0,0.0,0.0,0.0,0.0,0.0,0.0,0.0,0.0,0.0,0.0,0.0,0.0,0.0,0.0,0.0,0.0,0.0,0.0,0.0,0.0,0.0,0.0,0.0,0.0,0.0,0.0,0.0,0.0,0.0,0.0,0.0,0.0,0.0,0.0,0.0,0.0,0.0,0.0,0.0,0.0,0.0,0.0,0.0,0.0,0.0,0.0,0.0,0.0,0.0,0.0,0.0,0.0,0.0,0.0,,0.0,0.0,0.0,0.0,0.0,0.0,0.0,0.0,0.0,0.0,0.0,0.0,0.0,0.0,0.0,0.0,0.0,0.0,0.0,0.0,0.0,0.0,0.0,0.0
03:00,,0.0,0.0,0.0,0.0,0.0,0.0,0.0,0.0,0.0,0.0,0.0,0.0,0.0,0.0,0.0,0.0,0.0,0.0,0.0,0.0,0.0,0.0,0.0,0.0,0.0,0.0,0.0,0.0,0.0,0.0,0.0,0.0,0.0,0.0,0.0,0.0,0.0,0.0,0.0,0.0,0.0,,,0.0,0.0,0.0,0.0,0.0,0.0,0.0,0.0,0.0,0.0,0.0,0.0,0.0,0.0,0.0,0.0,0.0,0.0,0.0,0.0,0.0,0.0,0.0,0.0,0.0,0.0,0.0,0.0,0.0,0.0,0.0,0.0,0.0,0.0,0.0,0.0,0.0,0.0,0.0,0.0,0.0,0.0,0.0,0.0,0.0,0.0,0.0,0.0,0.0,0.0,0.0,0.0,0.0,0.0,0.0,0.0,0.0,0.0,0.0,,,0.0,0.0,0.0,0.0,0.0,0.0,,0.0,0.0,0.0,0.0,0.0,0.0,0.0,,0.0,0.0,0.0,0.0,0.0,0.0,0.0,0.0,0.0,0.0,0.0,0.0,0.0,0.0,0.0,0.0,0.0,0.0,0.0,0.0,0.0,0.0,0.0,0.0,0.0,0.0,0.0,0.0,0.0,0.0,0.0,0.0,0.0,0.0,0.0,0.0,0.0,0.0,0.0,0.0,0.0,0.0,0.0,0.0,0.0,0.0,0.0,0.0,0.0,0.0,0.0,0.0,0.0,0.0,0.0,,0.0,0.0,0.0,0.0,0.0,0.0,0.0,0.0,0.0,0.0,0.0,0.0,0.0,0.0,0.0,0.0,0.0,0.0,0.0,0.0,0.0,0.0,0.0,0.0
03:30,,0.0,0.0,0.0,0.0,0.0,0.0,0.0,0.0,0.0,0.0,0.0,0.0,0.0,0.0,0.0,0.0,0.0,0.0,0.0,0.0,0.0,0.0,0.0,0.0,0.0,0.0,0.0,0.0,0.0,0.0,0.0,0.0,0.0,0.0,0.0,0.0,0.0,0.0,0.0,0.0,0.0,,,0.0,0.0,0.0,0.0,0.0,0.0,0.0,0.0,0.0,0.0,0.0,0.0,0.0,0.0,0.0,0.0,0.0,0.0,0.0,0.0,0.0,0.0,0.0,0.0,0.0,0.0,0.0,0.0,0.0,0.0,0.0,0.0,0.0,0.0,0.0,0.0,0.0,0.0,0.0,0.0,0.0,0.0,0.0,0.0,0.0,,,0.0,0.0,0.0,0.0,0.0,0.0,0.0,0.0,0.0,0.0,0.0,0.0,,,0.0,0.0,0.0,0.0,0.0,0.0,,0.0,0.0,0.0,0.0,0.0,0.0,0.0,,0.0,0.0,0.0,0.0,0.0,0.0,0.0,0.0,0.0,0.0,0.0,0.0,0.0,0.0,0.0,0.0,0.0,0.0,0.0,0.0,0.0,0.0,0.0,0.0,0.0,0.0,0.0,0.0,0.0,0.0,0.0,0.0,0.0,0.0,0.0,0.0,0.0,0.0,0.0,0.0,0.0,0.0,0.0,0.0,0.0,0.0,0.0,0.0,0.0,0.0,0.0,0.0,0.0,0.0,0.0,,0.0,0.0,0.0,0.0,0.0,0.0,0.0,0.0,0.0,0.0,0.0,0.0,0.0,0.0,0.0,0.0,0.0,0.0,0.0,0.0,0.0,0.0,0.0,0.0
04:00,,0.0,0.0,0.0,0.0,0.0,0.0,0.0,0.0,0.0,0.0,0.0,0.0,0.0,0.0,0.0,0.0,0.0,0.0,0.0,0.0,0.0,0.0,0.0,0.0,0.0,0.0,0.0,0.0,0.0,0.0,0.0,0.0,0.0,0.0,0.0,0.0,0.0,0.0,0.0,0.0,0.0,,,0.0,0.0,0.0,0.0,0.0,0.0,0.0,0.0,0.0,0.0,0.0,0.0,0.0,0.0,0.0,0.0,0.0,0.0,0.0,0.0,0.0,0.0,0.0,0.0,0.0,0.0,0.0,0.0,0.0,0.0,0.0,0.0,0.0,0.0,0.0,0.0,0.0,0.0,0.0,0.0,0.0,0.0,0.0,0.0,0.0,,,0.0,0.0,0.0,0.0,0.0,0.0,0.0,0.0,0.0,0.0,0.0,0.0,,,0.0,0.0,0.0,0.0,0.0,0.0,,0.0,0.0,0.0,0.0,0.0,0.0,0.0,,0.0,0.0,0.0,0.0,0.0,0.0,0.0,0.0,0.0,0.0,0.0,0.0,0.0,0.0,0.0,0.0,0.0,0.0,0.0,0.0,0.0,0.0,0.0,0.0,0.0,0.0,0.0,0.0,0.0,0.0,0.0,0.0,0.0,0.0,0.0,0.0,0.0,0.0,0.0,0.0,0.0,0.0,0.0,0.0,0.0,0.0,0.0,0.0,0.0,0.0,0.0,0.0,0.0,0.0,0.0,,0.0,0.0,0.0,0.0,0.0,0.0,0.0,0.0,0.0,0.0,0.0,0.0,0.0,0.0,0.0,0.0,0.0,0.0,0.0,0.0,0.0,0.0,0.0,0.0
04:30,,0.0,0.0,0.0,0.0,0.0,0.0,0.0,0.0,0.0,0.0,0.0,0.0,0.0,0.0,0.0,0.0,0.0,0.0,0.0,0.0,0.0,0.0,0.0,0.0,0.0,0.0,0.0,0.0,0.0,0.0,0.0,0.0,0.0,0.0,0.0,0.0,0.0,0.0,0.0,0.0,0.0,,,0.0,0.0,0.0,0.0,0.0,0.0,0.0,0.0,0.0,0.0,0.0,0.0,0.0,0.0,0.0,0.0,0.0,0.0,0.0,0.0,-0.0013333333333333333,0.0,0.0,0.0,0.0,0.0,0.0,0.0,0.0,0.0,0.0,0.0,0.0,0.0,0.0,0.0,0.0,0.0,0.0,0.0,0.0,0.041,0.0,0.0,0.0,,,-0.004,0.0,0.0,0.0,0.0,0.0,0.0,0.0,0.0,0.043666666666666666,0.0,0.0,,,0.0,-0.006666666666666667,-0.0013333333333333333,0.0,0.0,0.0,,0.0,0.0,0.0,0.0,0.0,-0.004,0.0,,0.0,0.0,0.0,0.0,0.0,0.0,0.0,0.0,0.0,0.0,0.0,0.0,0.0,0.0,0.0,0.0,0.0,0.0,0.0,0.0,0.0,0.0,0.0,0.0,0.0,0.0,0.0,0.0,0.0,0.0,0.0,0.0,0.0,0.0,0.0,0.0,0.0,0.0,0.0,0.0,0.0,0.0,0.0,0.0,0.0,0.0,0.0,0.0,0.0,0.0,0.0,0.0,0.0,0.0,0.0,,0.0,0.0,0.0,0.0,0.0,0.0,0.0,0.0,0.0,0.0,0.0,0.0,0.0,0.0,0.0,0.0,0.0,0.0,0.0,0.0,0.0,0.0,0.0,0.0
05:00,,0.0,0.0,0.0,0.0,0.0,0.0,0.0,0.0,0.0,0.0,0.0,0.0,0.0,0.0,0.0,0.0,0.0,0.0,0.0,0.0,0.0,0.0,0.0,0.0,0.0,0.0,0.0,0.0,0.0,0.0,0.0,-0.0013333333333333333,0.0,0.0,0.0,0.0,0.0,0.0,0.0,0.0,0.0,,,0.0,0.0,0.0,0.0,0.0,0.0,0.0,0.0,0.0,0.0,0.0,0.0,0.0,0.0,0.0,0.0,-0.0026666666666666666,0.0,0.0,0.0,0.0,0.0,-0.0013333333333333333,0.0,0.0,0.0,0.0,-0.0013333333333333333,-0.0013333333333333333,0.0,0.0,0.0,0.0,0.0,0.0,0.0,0.0,0.0,0.0,-0.004,-0.0013333333333333333,0.0,0.0,0.0,0.0,,,0.0,0.0,0.0,0.0,-0.0026666666666666666,0.0,0.0,0.0,0.0,0.0,0.0,0.0,,,-0.0013333333333333333,0.0,-0.002,0.0,0.0,0.0,,0.0,0.0,0.0,-0.004,0.0,0.0,0.0,,0.0,0.0,-0.0026666666666666666,0.0,-0.006,-0.019333333333333334,0.0,-0.008666666666666666,-0.0033333333333333335,-0.004,-0.004,0.0,-0.0006666666666666666,-0.006,0.0,-0.01,0.0,0.0,0.0,0.0,0.0,0.0,0.0,0.0,0.0,0.0,0.0,-0.0013333333333333333,0.0,-0.004,0.0,0.0,0.0,0.0,0.0,0.0,0.0,0.0,0.0,0.0,0.0,0.0,0.0,0.0,0.0,0.0,0.0,0.0,0.0,0.0,0.0,0.0,0.0,0.0,0.0,,0.0,0.0,0.0,0.0,0.0,0.0,0.0,0.0,0.0,0.0,0.0,0.0,0.0,0.0,0.0,0.0,0.0,0.0,0.0,0.0,0.0,0.0,0.0,0.0
05:30,,0.0,0.0,0.0,0.0,0.0,0.0,0.012666666666666666,0.0026666666666666666,0.0,0.0,0.0,0.002,0.0,0.0,0.0,0.0,0.0,0.0,0.0,0.0,0.0,0.0,0.0,0.0,0.0,0.0,-0.009666666666666665,-0.0013333333333333333,0.0,0.0,0.0,0.0,0.0,-0.0013333333333333333,0.0,0.0,0.0,-0.0013333333333333333,-0.0013333333333333333,0.0,0.0,,,-0.0013333333333333333,0.0,-0.0013333333333333333,0.0,-0.0013333333333333333,0.0,-0.0026666666666666666,-0.0013333333333333333,-0.0013333333333333333,-0.0026666666666666666,0.0,-0.0013333333333333333,0.0,-0.0026666666666666666,-0.005333333333333333,0.0,-0.0013333333333333333,0.0,0.0,-0.0013333333333333333,0.0,-0.004,0.0,0.0,0.0,0.0,-0.004,-0.005333333333333333,-0.0013333333333333333,-0.005333333333333333,-0.004,-0.005333333333333333,-0.0026666666666666666,-0.0026666666666666666,0.0,0.0,-0.004,-0.004,-0.0013333333333333333,-0.004,-0.005333333333333333,-0.006666666666666667,-0.0026666666666666666,0.0,-0.005333333333333333,,,0.0,0.0,0.0,-0.0026666666666666666,-0.0026666666666666666,-0.005333333333333333,-0.005333333333333333,-0.005333333333333333,-0.005666666666666667,-0.005333333333333333,0.0,-0.007,,,-0.008333333333333333,-0.005333333333333333,-0.0013333333333333333,0.0,0.0,0.0,,0.0,-0.008333333333333333,-0.004,0.0,-0.0026666666666666666,-0.005333333333333333,-0.004,,0.0,-0.0026666666666666666,-0.005333333333333333,0.0,0.0,0.0,-0.004,-0.004,0.0,-0.004,-0.01933333333333333,-0.01,-0.004,0.0,-0.0006666666666666666,0.0,0.0,-0.0026666666666666666,0.0,0.0,0.0,0.0,-0.0026666666666666666,-0.005333333333333333,0.0,0.0,-0.004,-0.0033333333333333335,0.0,-0.012,-0.008666666666666666,0.0,-0.0026666666666666666,-0.0026666666666666666,0.0,0.0,0.0,0.0,-0.004,0.0,0.0,-0.004,0.0,0.0,0.0,0.0,0.0,0.0,0.0,0.0,0.0,0.0,0.0,0.0,0.0,,0.0,0.0,0.0,0.0,0.0,0.0,0.0,0.0,0.0,0.0,0.0,0.0,0.0,0.0,-0.0026666666666666666,0.0,0.0,0.0,0.0,0.0,0.0,0.0,0.0,0.0
06:00,,0.0,0.0,0.0,0.0,0.0,0.0013333333333333333,0.015333333333333334,0.028,0.06466666666666666,0.0,-0.0013333333333333333,0.0,0.0,0.0,-0.0013333333333333333,-0.0026666666666666666,-0.0013333333333333333,0.0,0.0,0.0,0.0,-0.0026666666666666666,-0.0013333333333333333,-0.0013333333333333333,0.0,-0.004,0.0,-0.0026666666666666666,-0.0026666666666666666,0.0,-0.0026666666666666666,0.0,0.0,0.0,0.0,-0.0013333333333333333,-0.0026666666666666666,0.0,-0.005333333333333333,-0.004,0.0,,,0.0,-0.010666666666666666,-0.006666666666666667,0.0,0.0,-0.0013333333333333333,-0.008,-0.008,-0.0026666666666666666,-0.004,-0.004,-0.004,0.0,-0.0026666666666666666,-0.02333333333333333,-0.004,-0.008,0.0,0.0,-0.005333333333333333,-0.014666666666666666,0.0,-0.0013333333333333333,0.0,0.0,-0.0013333333333333333,-0.009333333333333334,-0.004,-0.026000000000000002,-0.021333333333333333,-0.016,-0.018666666666666668,0.0,-0.010666666666666666,-0.004,-0.0026666666666666666,-0.0013333333333333333,-0.017333333333333333,0.0,-0.004,-0.029333333333333333,-0.056666666666666664,-0.025333333333333333,-0.005333333333333333,-0.008,,,-0.005333333333333333,-0.005333333333333333,-0.0026666666666666666,-0.032,-0.052000000000000005,-0.09333333333333332,-0.018000000000000002,-0.010666666666666666,-0.007,-0.004,-0.004,-0.013333333333333334,,,-0.017333333333333333,-0.024,-0.004,0.0,-0.0026666666666666666,0.0,,-0.004,-0.0026666666666666666,-0.005333333333333333,-0.008,-0.018666666666666668,-0.006666666666666667,-0.008,,-0.017333333333333333,-0.004,0.0,-0.005333333333333333,-0.005333333333333333,-0.004,-0.0026666666666666666,0.0,-0.007,-0.006666666666666667,-0.005333333333333333,0.0,-0.007,-0.005333333333333333,0.0,-0.005333333333333333,0.0,-0.004666666666666667,-0.008333333333333333,0.0,-0.0026666666666666666,0.0,-0.005333333333333333,-0.0026666666666666666,-0.004,0.0,-0.0013333333333333333,-0.0026666666666666666,-0.0026666666666666666,-0.012666666666666666,-0.004,-0.004,-0.008333333333333333,-0.0026666666666666666,-0.0006666666666666666,-0.005333333333333333,-0.005333333333333333,-0.004,0.0,-0.008333333333333333,0.0,0.0,-0.004,0.0,-0.0026666666666666666,0.0,0.0,-0.005333333333333333,0.0,0.0,0.0,-0.0026666666666666666,0.0,0.0,-0.004,,-0.0026666666666666666,0.0,0.0,0.0,0.0,0.0,0.0,-0.0026666666666666666,0.0,0.0,0.0,0.0,-0.0026666666666666666,0.0,0.0,0.0,-0.0013333333333333333,0.0,0.0,0.0,0.0,0.056,0.0,0.0
06:30,,0.04,0.0,-0.0013333333333333333,0.0,0.0,-0.0013333333333333333,0.004,0.014000000000000002,0.0013333333333333333,0.0,0.0,0.0,-0.0026666666666666666,-0.0026666666666666666,-0.005333333333333333,-0.004,-0.0013333333333333333,0.0,0.0,0.0,0.0,-0.004,0.0,-0.0026666666666666666,-0.004,-0.006666666666666667,0.0,-0.004,-0.012,0.0,-0.005333333333333333,0.0,-0.018666666666666668,-0.011333333333333334,-0.0013333333333333333,-0.016,-0.005333333333333333,-0.008,-0.025333333333333333,-0.024,0.0,,,-0.005333333333333333,-0.025333333333333333,-0.02666666666666667,0.0,-0.029333333333333333,0.0,-0.04533333333333334,-0.06266666666666668,-0.005333333333333333,-0.03866666666666666,-0.0026666666666666666,-0.016,0.0,-0.004,-0.07866666666666666,-0.005333333333333333,-0.036000000000000004,-0.0013333333333333333,-0.004,0.0,-0.028,0.0,-0.021333333333333333,-0.004,-0.0026666666666666666,0.0,-0.018666666666666668,-0.024,-0.048,-0.046000000000000006,-0.029333333333333333,-0.060000000000000005,-0.0013333333333333333,-0.052000000000000005,-0.0013333333333333333,-0.005333333333333333,-0.034666666666666665,-0.038000000000000006,-0.0026666666666666666,-0.005333333333333333,-0.07600000000000001,-0.068,-0.09066666666666666,-0.005333333333333333,-0.09466666666666666,,,-0.006666666666666667,-0.004,-0.06666666666666667,-0.006666666666666667,-0.058666666666666666,-0.04666666666666666,-0.09733333333333333,-0.10933333333333332,-0.007,-0.04533333333333333,-0.007,-0.098,,,-0.10133333333333333,-0.036000000000000004,0.0,-0.004,0.0,-0.004,,-0.005333333333333333,-0.005333333333333333,-0.0026666666666666666,-0.07066666666666667,-0.09866666666666667,-0.09466666666666666,-0.092,,-0.06533333333333333,-0.07266666666666667,-0.07466666666666666,-0.04933333333333333,-0.08266666666666667,0.0,-0.06133333333333334,-0.029333333333333333,-0.0026666666666666666,-0.025333333333333333,-0.009333333333333334,-0.004,-0.060000000000000005,-0.005333333333333333,-0.010666666666666666,0.0,-0.004,-0.025333333333333333,-0.07733333333333332,0.0,-0.021333333333333333,0.0,-0.064,-0.010000000000000002,-0.04533333333333333,-0.04666666666666666,-0.0013333333333333333,-0.005333333333333333,-0.058666666666666666,-0.064,-0.0026666666666666666,-0.01,-0.03066666666666667,-0.0026666666666666666,0.0,-0.0026666666666666666,-0.02,-0.013333333333333334,-0.05533333333333333,-0.023333333333333334,0.0,-0.008333333333333333,-0.013333333333333334,0.0,-0.004,0.0,-0.005333333333333333,-0.0026666666666666666,0.0,-0.004,-0.004,0.0,0.0,0.0,-0.010666666666666666,,-0.008,-0.0013333333333333333,0.0,-0.009333333333333334,0.0,-0.004,-0.006,0.0,-0.0026666666666666666,-0.0026666666666666666,-0.0013333333333333333,-0.0013333333333333333,0.0,0.0,0.0,0.0,-0.010666666666666666,-0.0013333333333333333,0.0,-0.004,0.0,0.0,0.0,-0.0026666666666666666
07:00,,0.04,0.0,0.0,-0.004,0.0,0.0,0.0,0.005333333333333333,0.0,0.0,0.0,0.0,-0.006666666666666667,0.0,-0.005333333333333333,-0.014000000000000002,-0.006666666666666667,0.0,-0.0013333333333333333,0.0,-0.0013333333333333333,-0.0026666666666666666,-0.0013333333333333333,-0.0013333333333333333,0.0,-0.025333333333333333,-0.004,-0.016,-0.006666666666666667,0.0,0.0,-0.0026666666666666666,-0.014666666666666666,-0.006666666666666667,-0.004,-0.021333333333333333,-0.004,-0.0026666666666666666,-0.029333333333333333,-0.018666666666666668,-0.006666666666666667,,,-0.0026666666666666666,-0.013333333333333334,-0.014666666666666666,0.0,-0.024,-0.0026666666666666666,-0.021333333333333333,-0.03266666666666666,-0.013333333333333334,-0.048666666666666664,-0.004,-0.04466666666666667,-0.0026666666666666666,-0.0026666666666666666,-0.064,-0.014666666666666666,-0.028666666666666667,-0.018666666666666668,0.0,-0.03066666666666667,-0.015333333333333334,-0.02666666666666667,-0.02,-0.0013333333333333333,-0.0013333333333333333,-0.004,-0.014666666666666666,-0.04533333333333334,-0.048666666666666664,-0.03066666666666667,-0.028666666666666667,-0.04133333333333333,-0.04533333333333334,-0.03866666666666666,-0.008,-0.004,-0.056,-0.016666666666666666,-0.005333333333333333,-0.006666666666666667,-0.044000000000000004,-0.04066666666666666,-0.04666666666666667,-0.024,-0.08266666666666667,,,-0.018666666666666665,-0.006666666666666667,-0.038000000000000006,-0.07333333333333333,-0.024666666666666667,-0.04466666666666667,-0.05333333333333334,-0.06133333333333334,-0.084,-0.066,-0.07066666666666667,-0.06933333333333333,,,-0.04666666666666666,-0.07733333333333332,-0.084,0.0,0.0,-0.0013333333333333333,,-0.0026666666666666666,-0.008333333333333333,-0.04466666666666666,-0.07466666666666667,-0.06066666666666667,-0.07066666666666667,-0.07400000000000001,,-0.029333333333333333,-0.05533333333333334,-0.06133333333333334,-0.05333333333333334,-0.076,-0.036000000000000004,-0.064,-0.06933333333333333,-0.05333333333333334,-0.084,-0.07200000000000001,-0.0026666666666666666,-0.06666666666666667,0.0,-0.052000000000000005,0.0,-0.008333333333333333,-0.07400000000000001,-0.07200000000000001,0.0,-0.042,-0.004,-0.07200000000000001,-0.004,-0.05466666666666667,-0.07200000000000001,0.0,-0.018000000000000002,-0.004,-0.06733333333333333,-0.03066666666666667,-0.078,-0.06533333333333333,-0.014666666666666666,0.0,-0.0026666666666666666,-0.09133333333333334,-0.077,-0.08933333333333333,-0.048,-0.035,-0.008,-0.08,0.0,-0.007,-0.007,-0.05733333333333333,-0.076,0.0,0.0,-0.004,0.0,-0.004,-0.0026666666666666666,-0.05333333333333334,,-0.07333333333333333,-0.018666666666666668,0.0,-0.06733333333333333,0.0,-0.004,-0.052000000000000005,-0.037333333333333336,-0.010666666666666666,-0.010666666666666666,-0.06066666666666667,-0.02,-0.03333333333333333,-0.004,-0.03866666666666666,0.0,-0.034,-0.04066666666666666,-0.004,-0.0013333333333333333,-0.005333333333333333,-0.005333333333333333,-0.0013333333333333333,0.0
07:30,,,0.0,-0.004,0.0,0.0,0.0,0.0,0.0013333333333333333,-0.0013333333333333333,-0.0026666666666666666,0.0,0.0,-0.004,-0.013333333333333334,0.0,-0.0006666666666666666,-0.013333333333333334,-0.0013333333333333333,-0.0013333333333333333,0.0,0.0,0.0,-0.004,0.0,-0.008,-0.016,-0.005333333333333333,-0.006666666666666667,0.0,-0.004,-0.02666666666666667,-0.004,-0.0013333333333333333,-0.005333333333333333,-0.016,-0.006666666666666667,-0.008,0.0,-0.018666666666666668,-0.017333333333333333,-0.016,,,-0.0026666666666666666,-0.0026666666666666666,-0.006666666666666667,-0.0026666666666666666,-0.0013333333333333333,-0.0026666666666666666,-0.012666666666666666,-0.012,-0.016,-0.04533333333333334,-0.0013333333333333333,-0.02666666666666667,-0.006666666666666667,-0.0013333333333333333,-0.034666666666666665,-0.060000000000000005,-0.017333333333333333,-0.018666666666666668,-0.013333333333333334,-0.02333333333333333,-0.014000000000000002,-0.014666666666666666,-0.004,-0.006666666666666667,-0.0026666666666666666,-0.021333333333333333,-0.0013333333333333333,-0.04933333333333333,-0.029333333333333333,-0.014666666666666666,-0.012,-0.013333333333333334,-0.05533333333333334,-0.021333333333333333,-0.03333333333333333,-0.004,-0.06533333333333333,-0.012,-0.0026666666666666666,-0.02266666666666667,-0.012,-0.013333333333333334,-0.012,-0.04133333333333333,-0.04533333333333334,,,-0.048,-0.006666666666666667,-0.04933333333333333,-0.05733333333333333,-0.04533333333333334,-0.028,-0.03333333333333333,-0.037333333333333336,-0.07400000000000001,-0.03066666666666667,-0.076,-0.044000000000000004,,,-0.03933333333333333,-0.05733333333333333,-0.09533333333333333,-0.05733333333333333,-0.005333333333333333,-0.0026666666666666666,,-0.005333333333333333,-0.0026666666666666666,-0.08133333333333333,-0.02266666666666667,-0.04,-0.05533333333333333,-0.03333333333333333,,-0.03333333333333333,-0.03333333333333333,-0.03933333333333333,-0.03133333333333334,-0.02,-0.06533333333333333,-0.029333333333333333,-0.03666666666666667,-0.0013333333333333333,-0.056,-0.08266666666666667,-0.0026666666666666666,-0.029333333333333333,-0.028333333333333332,-0.07466666666666667,-0.005333333333333333,-0.007,-0.028,-0.03066666666666667,0.0,-0.009333333333333334,-0.008333333333333333,-0.03933333333333333,-0.037333333333333336,-0.06666666666666667,-0.04133333333333333,-0.08133333333333333,-0.016,-0.08,-0.04933333333333333,-0.05466666666666667,-0.05600000000000001,-0.03866666666666666,-0.027333333333333334,-0.009333333333333334,-0.03333333333333333,-0.05733333333333333,-0.03066666666666667,-0.07,-0.04933333333333333,-0.07066666666666667,-0.08866666666666667,-0.04533333333333334,-0.004,-0.014666666666666666,-0.004,-0.014666666666666666,-0.05466666666666667,0.0,-0.004,-0.013333333333333334,0.0,-0.017333333333333333,-0.006666666666666667,-0.05733333333333333,,-0.052000000000000005,-0.044000000000000004,0.0,-0.048666666666666664,0.0,-0.04666666666666666,-0.038000000000000006,-0.028000000000000004,-0.05333333333333334,-0.014666666666666666,-0.046000000000000006,-0.02266666666666667,-0.030000000000000002,-0.008666666666666666,-0.024,0.0,-0.02266666666666667,-0.03333333333333333,-0.026000000000000002,-0.0013333333333333333,-0.005333333333333333,-0.008,-0.0013333333333333333,-0.052000000000000005
08:00,,,0.0,-0.010666666666666666,-0.0013333333333333333,0.0,0.0,0.0,0.0,-0.0013333333333333333,0.0,0.005333333333333333,0.0033333333333333335,-0.004,-0.006666666666666667,0.0,-0.012,-0.009333333333333334,0.0,-0.004,-0.0013333333333333333,0.0,-0.015333333333333334,0.0026666666666666666,0.0,-0.02266666666666667,-0.006666666666666667,-0.024,-0.0006666666666666666,0.0,-0.0026666666666666666,-0.051333333333333335,0.0,0.0,0.0,-0.037333333333333336,-0.014666666666666666,-0.04533333333333334,0.0,0.0,-0.004666666666666667,-0.014666666666666666,,,0.0,0.0,-0.006666666666666667,-0.0013333333333333333,-0.03666666666666667,-0.0013333333333333333,0.0,-0.0026666666666666666,-0.054000000000000006,-0.030000000000000002,-0.0013333333333333333,-0.008,-0.06266666666666668,-0.005333333333333333,-0.008666666666666666,-0.056666666666666664,0.0,-0.006666666666666667,-0.004,-0.018666666666666668,-0.012666666666666666,-0.034,0.0,-0.009333333333333334,-0.005333333333333333,-0.024,0.0,-0.036000000000000004,-0.02,-0.0013333333333333333,-0.0026666666666666666,-0.0013333333333333333,-0.04666666666666666,-0.006666666666666667,-0.04733333333333333,-0.013333333333333334,-0.04933333333333333,0.0,0.0,-0.056,-0.005333333333333333,0.0,-0.0026666666666666666,-0.064,-0.025333333333333333,,,-0.029333333333333333,-0.050666666666666665,-0.03333333333333333,-0.03333333333333333,-0.02266666666666667,-0.0026666666666666666,-0.014000000000000002,-0.010666666666666666,-0.07400000000000001,-0.010666666666666666,-0.034666666666666665,-0.036000000000000004,,,-0.016,-0.05733333333333333,-0.05533333333333333,-0.0013333333333333333,-0.036000000000000004,-0.004,,-0.004,-0.0013333333333333333,-0.068,-0.04933333333333333,-0.017333333333333333,-0.05333333333333334,-0.009333333333333334,,-0.010666666666666666,-0.012,-0.009333333333333334,-0.01,-0.006666666666666667,-0.018666666666666668,-0.07066666666666667,-0.008,-0.026000000000000002,-0.044333333333333336,-0.014666666666666666,-0.08333333333333333,-0.016,-0.0013333333333333333,-0.016666666666666666,-0.005333333333333333,-0.008333333333333333,-0.006666666666666667,-0.014666666666666666,-0.005333333333333333,-0.004,-0.007,-0.017333333333333333,-0.018666666666666668,-0.07200000000000001,-0.012,-0.044000000000000004,-0.008666666666666666,-0.07466666666666667,-0.05466666666666667,-0.03933333333333333,-0.059333333333333335,-0.016666666666666666,-0.016,-0.0026666666666666666,-0.09533333333333333,-0.04,-0.017333333333333333,-0.05533333333333334,-0.02,-0.07733333333333332,-0.036000000000000004,-0.021333333333333333,-0.06933333333333333,-0.08266666666666667,-0.0026666666666666666,-0.03133333333333333,-0.018666666666666668,0.0,-0.004,-0.05333333333333334,-0.007,-0.03066666666666667,-0.010666666666666666,-0.07,,-0.024,-0.028666666666666667,0.0,-0.014666666666666666,-0.004,-0.051333333333333335,-0.013333333333333334,-0.012,-0.068,-0.02,-0.022000000000000002,-0.014666666666666666,-0.034,-0.034666666666666665,-0.005333333333333333,-0.006666666666666667,-0.014666666666666666,-0.02266666666666667,-0.05266666666666667,-0.021333333333333333,-0.027333333333333334,-0.030000000000000002,-0.0026666666666666666,-0.052000000000000005
08:30,,,0.0,-0.005333333333333333,-0.005333333333333333,-0.0013333333333333333,0.0013333333333333333,0.009333333333333334,0.0,0.0,0.0,0.0033333333333333335,0.008,-0.0026666666666666666,-0.008,0.0,-0.0026666666666666666,-0.0013333333333333333,-0.024,-0.004,-0.0013333333333333333,-0.004,-0.006666666666666667,0.004,0.0,-0.018666666666666668,0.0,-0.03066666666666667,0.0,0.0,0.0,-0.018666666666666668,-0.0013333333333333333,0.0,0.0,-0.05600000000000001,-0.018666666666666668,-0.03933333333333333,0.0013333333333333333,-0.010666666666666666,0.0,-0.015333333333333334,,,-0.03133333333333334,0.0,-0.0013333333333333333,-0.005333333333333333,-0.07466666666666667,-0.025333333333333333,0.0,0.0,-0.04533333333333334,-0.0026666666666666666,-0.0026666666666666666,-0.0013333333333333333,-0.06666666666666667,-0.017333333333333333,-0.0013333333333333333,-0.08266666666666667,0.0,-0.014666666666666666,-0.036000000000000004,-0.01,-0.014000000000000002,-0.016666666666666666,0.0,-0.056,-0.0013333333333333333,-0.02266666666666667,0.0,-0.029333333333333333,-0.018666666666666668,0.0,-0.0026666666666666666,0.0,-0.02666666666666667,-0.0013333333333333333,-0.0026666666666666666,-0.004,-0.052000000000000005,0.0,0.0,-0.03933333333333333,-0.0026666666666666666,0.0,0.0,-0.019333333333333334,-0.01933333333333333,,,-0.07533333333333332,-0.082,-0.022000000000000002,-0.04133333333333333,-0.018666666666666668,-0.014000000000000002,-0.0026666666666666666,-0.0026666666666666666,-0.07466666666666667,0.0,-0.0013333333333333333,-0.018000000000000002,,,-0.0026666666666666666,-0.04,-0.034666666666666665,-0.0013333333333333333,-0.03333333333333333,-0.004,,-0.021333333333333333,-0.026666666666666665,-0.04933333333333333,-0.05,-0.013333333333333334,-0.06666666666666667,-0.0013333333333333333,,0.0,0.0,0.0,0.0,0.0,0.0,-0.09333333333333332,0.0,-0.0026666666666666666,0.0,-0.0026666666666666666,-0.056,0.0,-0.048,-0.015333333333333334,-0.005333333333333333,-0.021333333333333333,-0.01933333333333333,-0.006666666666666667,-0.008333333333333333,-0.06933333333333333,-0.04133333333333333,0.0,0.0033333333333333335,-0.064,-0.004,-0.03933333333333333,-0.009333333333333334,-0.0026666666666666666,-0.025333333333333333,-0.0026666666666666666,-0.04133333333333333,-0.014666666666666666,-0.0033333333333333335,-0.0013333333333333333,-0.04733333333333333,-0.04133333333333333,-0.008,-0.034666666666666665,-0.028,-0.08933333333333333,-0.014,-0.006,-0.07200000000000001,-0.08666666666666667,0.0,-0.034666666666666665,-0.013333333333333334,-0.004,-0.008333333333333333,-0.018000000000000002,-0.0026666666666666666,-0.07,-0.004,-0.018000000000000002,,-0.028000000000000004,-0.022000000000000002,0.0,-0.0013333333333333333,-0.006666666666666667,-0.037333333333333336,-0.005333333333333333,-0.006666666666666667,-0.038000000000000006,-0.025333333333333333,-0.005333333333333333,-0.009333333333333334,-0.0006666666666666666,-0.07333333333333333,0.0,0.0,-0.0026666666666666666,-0.014666666666666666,-0.042666666666666665,-0.052000000000000005,-0.04533333333333333,-0.060000000000000005,-0.042,-0.04466666666666667
09:00,,,0.0,-0.0033333333333333335,-0.014000000000000002,0.0,0.016,0.004,-0.0026666666666666666,0.0,-0.0026666666666666666,-0.0013333333333333333,0.017333333333333333,-0.0026666666666666666,-0.012,-0.006666666666666667,-0.015333333333333334,-0.0026666666666666666,-0.016,-0.013333333333333334,-0.0013333333333333333,-0.0026666666666666666,-0.012,-0.016,0.004,-0.018666666666666668,0.0,-0.059333333333333335,0.0013333333333333333,0.006666666666666667,-0.0013333333333333333,-0.018000000000000002,-0.012,0.0013333333333333333,0.004,-0.034666666666666665,-0.043333333333333335,-0.03133333333333334,0.004,-0.009333333333333334,0.0006666666666666666,-0.036000000000000004,,,-0.02666666666666667,0.0013333333333333333,-0.008,-0.0013333333333333333,-0.017333333333333333,-0.014666666666666666,0.0,0.0013333333333333333,-0.0026666666666666666,0.0,-0.006666666666666667,-0.006,-0.048,-0.0026666666666666666,-0.027333333333333334,-0.08666666666666667,0.004,-0.018666666666666668,-0.02266666666666667,-0.006666666666666667,-0.0006666666666666666,-0.010666666666666666,0.004,-0.06133333333333334,0.0,-0.030000000000000002,0.010666666666666666,-0.03866666666666666,-0.04733333333333333,0.0013333333333333333,-0.0006666666666666665,-0.0013333333333333333,-0.03066666666666667,-0.004,-0.0013333333333333333,-0.012,-0.03933333333333334,-0.006666666666666667,-0.0013333333333333333,-0.03933333333333333,-0.0033333333333333335,0.004666666666666667,0.0,-0.036000000000000004,0.0026666666666666666,,,-0.07066666666666667,-0.09333333333333332,-0.009333333333333334,-0.02666666666666667,-0.006666666666666667,-0.012,0.0,-0.02333333333333333,-0.06933333333333333,0.0,0.0,0.0,,,0.0,-0.014666666666666666,-0.037333333333333336,-0.0026666666666666666,-0.04,-0.0026666666666666666,,-0.07466666666666667,-0.06199999999999999,-0.058666666666666666,-0.04,-0.009333333333333334,-0.064,0.0,,0.0,0.0,0.0,0.0,0.0,-0.0013333333333333333,-0.060000000000000005,0.0,-0.010666666666666666,-0.005333333333333333,-0.025,-0.044000000000000004,0.0,-0.006666666666666667,0.0,-0.005333333333333333,-0.09533333333333333,-0.028,-0.004,-0.07333333333333333,-0.06666666666666667,-0.03866666666666666,0.0,-0.0013333333333333333,-0.03666666666666667,0.0,-0.0013333333333333333,-0.018666666666666668,-0.002,-0.0013333333333333333,-0.028,-0.04066666666666666,0.0,0.0,-0.0013333333333333333,-0.048,-0.03666666666666667,-0.0026666666666666666,-0.054000000000000006,-0.014666666666666666,-0.021333333333333333,0.0,0.0,-0.059333333333333335,-0.07333333333333333,-0.0026666666666666666,-0.0013333333333333333,-0.0013333333333333333,-0.016,-0.006666666666666667,-0.036000000000000004,-0.04133333333333333,-0.05466666666666666,-0.005333333333333333,-0.006666666666666667,,-0.04133333333333333,-0.010666666666666666,-0.004,0.0,-0.04133333333333333,0.0,0.0,0.0,-0.006,-0.06533333333333333,-0.0013333333333333333,0.0,0.0,-0.04933333333333333,0.0,-0.0013333333333333333,0.0,-0.004,-0.04066666666666666,-0.038,-0.03733333333333333,-0.04466666666666667,-0.048,-0.05333333333333334
09:30,,,0.0,-0.89,-1.0836666666666666,-0.9646666666666667,-2.363,-1.537,-1.2186666666666668,-1.1853333333333333,-1.1960000000000002,-1.06,-2.646333333333333,-1.9153333333333333,-1.052,-2.576333333333333,-1.6496666666666668,-1.0743333333333334,-0.9076666666666667,-0.9103333333333333,-1.0423333333333333,-1.3653333333333333,-1.2396666666666667,-0.009333333333333334,0.016666666666666666,-0.034666666666666665,0.006666666666666667,-0.051333333333333335,0.014666666666666666,0.014666666666666666,-0.01933333333333333,-0.0013333333333333333,-0.042,0.008,0.008666666666666666,-0.03066666666666667,-0.032,-0.0013333333333333333,0.010666666666666666,0.006666666666666667,0.004666666666666667,-0.0026666666666666666,,,-0.04533333333333334,0.016,0.0,-0.037333333333333336,-0.034666666666666665,-0.06533333333333333,0.010666666666666666,0.0026666666666666666,0.002,0.004,-0.0013333333333333333,0.012,-0.006,-0.009333333333333334,-0.008,-0.060000000000000005,0.004,-0.025333333333333333,-0.007333333333333333,0.0013333333333333333,0.0,-0.0033333333333333335,0.017333333333333333,-0.068,-0.0026666666666666666,-0.028,0.012,-0.029333333333333333,-0.04133333333333333,0.014666666666666666,0.012666666666666666,0.004666666666666667,-0.009333333333333334,0.012666666666666666,0.004,-0.08,-0.04066666666666666,0.012,-0.0026666666666666666,0.02,-0.005333333333333333,0.006666666666666667,0.014666666666666666,0.014666666666666666,0.007333333333333333,,,-0.064,-0.056,-0.014666666666666666,-0.0026666666666666666,0.006666666666666667,-3.087,-3.0763333333333334,-1.7436666666666667,-0.6086666666666666,-1.0816666666666668,-2.4123333333333337,-2.9896666666666665,,,-2.5536666666666665,-1.7393333333333334,-0.5833333333333334,-0.8886666666666667,-0.7226666666666667,-1.0456666666666667,,-1.936,-1.4789999999999999,-0.76,-0.613,-0.797,-0.5963333333333334,-2.4066666666666667,,-2.991333333333333,-3.094333333333333,-3.018,-2.994333333333333,-1.8616666666666668,-2.3946666666666667,-1.5706666666666667,-2.4213333333333336,-1.745,-0.737,-0.6140000000000001,-0.581,-0.6803333333333333,-0.7196666666666667,-0.896,-0.7273333333333334,-0.6476666666666666,-0.578,-0.5619999999999999,-0.9346666666666666,-0.44466666666666665,-0.464,-2.4076666666666666,-2.9516666666666667,-1.488,-2.4383333333333335,-2.738,-2.7373333333333334,-1.7463333333333333,-0.6751999999999999,-0.9236666666666667,-0.4053333333333333,-2.420666666666667,-3.0256666666666665,-1.701,-0.4453333333333333,-0.44966666666666666,-0.8043333333333333,-0.4663333333333333,-0.9420000000000001,-0.39633333333333337,-2.3183333333333334,-2.9236666666666666,-1.238,-0.6243333333333333,-0.6483333333333333,-0.8049999999999999,-2.3366666666666664,-1.951,-1.2103333333333335,-0.567,-0.6556666666666666,-0.5556666666666668,-0.557,-0.7773333333333333,,-2.5206666666666666,-1.7536666666666667,-0.5603333333333332,-2.4256666666666664,-1.5543333333333333,-1.0503333333333333,-2.445,-1.7363333333333335,-2.447666666666666,-1.4519999999999997,-2.4076666666666666,-2.9846666666666666,-1.5516666666666665,-0.5139999999999999,0.0013333333333333333,-0.0026666666666666666,0.0013333333333333333,-0.0013333333333333333,-0.018000000000000002,-0.03066666666666667,-0.03666666666666667,-0.032,-0.021333333333333333,-0.028666666666666667
10:00,-1.4455,,0.0,0.0026666666666666666,-0.048,-0.002,0.019333333333333334,0.0006666666666666668,-0.0026666666666666666,-0.002,-0.010666666666666666,-0.005333333333333333,-1.5546666666666666,-0.0013333333333333333,0.009333333333333334,-1.825,-0.015333333333333334,-0.028,-0.042666666666666665,-0.023333333333333334,0.0,0.0,-0.035333333333333335,-0.004666666666666667,0.02666666666666667,-0.015333333333333334,0.012666666666666666,-0.044000000000000004,0.017333333333333333,0.02266666666666667,0.0,-0.006666666666666667,-0.06066666666666667,0.02666666666666667,0.016666666666666666,-0.02666666666666667,0.02,0.034666666666666665,0.022000000000000002,0.013333333333333334,0.013333333333333334,0.006666666666666667,,,-0.04933333333333333,0.024,0.0,-0.0026666666666666666,-0.04533333333333334,-0.06733333333333333,0.013333333333333334,0.0,0.0,0.012,-0.0026666666666666666,0.024,0.03333333333333333,0.018666666666666668,-0.004,-0.042,0.010666666666666666,-0.006666666666666667,-0.024666666666666667,0.0,0.0,0.011333333333333334,0.024,-0.07133333333333333,-0.005333333333333333,-0.024,0.024,-0.014666666666666666,0.0013333333333333333,0.017333333333333333,0.006666666666666667,0.010666666666666666,0.006666666666666667,0.010666666666666666,0.015333333333333334,-0.036000000000000004,-0.028000000000000004,0.012,-0.0013333333333333333,0.013333333333333334,-0.0013333333333333333,0.024,0.012,0.02666666666666667,0.01633333333333333,,,0.017333333333333333,-0.068,-0.036000000000000004,0.013333333333333334,0.006666666666666667,-1.9913333333333334,-1.9869999999999999,-0.05533333333333334,-0.04666666666666667,-0.005333333333333333,-1.9943333333333333,-1.9986666666666666,,,-2.0083333333333333,-0.016666666666666666,-0.052000000000000005,-0.05466666666666666,-0.03333333333333333,-0.08666666666666667,,-0.04,-0.014666666666666666,-0.012,-0.07733333333333332,0.0,-0.032,-1.9849999999999999,,-1.9826666666666666,-1.9906666666666666,-2.0086666666666666,-2.0036666666666667,0.004,-0.07933333333333333,0.0026666666666666666,-1.9899999999999998,-0.006666666666666667,-0.07866666666666666,-0.06933333333333333,-0.056666666666666664,-0.07333333333333333,-0.0026666666666666666,-0.008,-0.005333333333333333,-0.092,-0.064,-0.003333333333333333,-0.06733333333333333,-0.032,-0.035333333333333335,-1.972,-0.3223333333333333,-0.07866666666666666,-0.6046666666666667,-0.008666666666666666,-2.007,-0.054000000000000006,,0.0,-0.0013333333333333333,-2.069,-0.372,-0.0026666666666666666,-0.04133333333333333,-0.005333333333333333,0.0,-0.048666666666666664,-0.07466666666666667,-0.007,-2.0463333333333336,-2.073,0.0026666666666666666,-0.013333333333333334,-0.02666666666666667,-0.005333333333333333,-1.9866666666666668,-0.08666666666666667,-0.008,-0.02266666666666667,-0.08666666666666667,-0.0013333333333333333,-0.0013333333333333333,-0.016,,-2.0416666666666665,-0.006666666666666667,-0.005333333333333333,-1.9956666666666665,-0.07333333333333333,-0.0033333333333333335,-1.99,-0.048,-1.1523333333333334,-0.028,-2.055,-0.4776666666666667,0.0,-0.066,0.004,-0.0026666666666666666,0.0,-0.0013333333333333333,-0.002,-0.05466666666666667,-0.020666666666666667,-0.07266666666666667,0.0,-0.012666666666666666
10:30,0.025333333333333333,,0.0,0.008666666666666666,-0.005333333333333333,-0.02266666666666667,0.014000000000000002,-0.004,0.0,-0.0013333333333333333,-0.006666666666666667,-0.010666666666666666,0.014,-0.004,0.012666666666666666,0.009333333333333334,-0.028,-0.009333333333333334,-0.02,-0.04066666666666666,-0.0013333333333333333,-0.0026666666666666666,-0.03266666666666666,0.029333333333333333,0.032,-0.02266666666666667,0.024,-0.04133333333333333,0.02266666666666667,0.03266666666666666,0.0,-0.03933333333333333,-0.046000000000000006,0.03266666666666666,0.037333333333333336,-0.021333333333333333,0.024666666666666667,0.004,0.028,-0.0026666666666666666,0.02333333333333333,0.013333333333333334,,,-0.052000000000000005,0.042666666666666665,0.0013333333333333333,-0.009333333333333334,-0.037333333333333336,-0.04133333333333333,0.029333333333333333,0.0013333333333333333,0.0026666666666666666,0.017333333333333333,-0.0013333333333333333,0.024666666666666667,0.035333333333333335,0.03866666666666666,0.014666666666666666,-0.029333333333333333,0.012666666666666666,-0.028000000000000004,-0.044000000000000004,0.0,0.0013333333333333333,0.024,0.032,-0.064,-0.0013333333333333333,-0.0026666666666666666,0.028,-0.03133333333333334,0.026000000000000002,0.028666666666666667,0.024,0.018666666666666668,0.004,0.013333333333333334,0.018666666666666668,-0.008,-0.028,0.04133333333333333,-0.014666666666666666,0.021333333333333333,0.03133333333333334,0.019333333333333334,0.02266666666666667,0.002666666666666667,0.010333333333333335,,,0.02666666666666667,-0.04,-0.004666666666666667,0.016,-0.008,-0.066,-0.064,-0.034,-0.04066666666666666,-0.0013333333333333333,-0.07033333333333333,-0.06666666666666667,,,-0.06766666666666667,-0.012666666666666666,-0.010666666666666666,-0.09333333333333332,-0.10400000000000001,-0.03866666666666666,,-0.06133333333333334,-0.084,-2.312964634635743e-19,-0.068,0.012,-0.0013333333333333333,-0.07033333333333333,,-0.066,-0.06733333333333333,-0.06866666666666667,-0.06733333333333333,0.0013333333333333333,-0.012,-0.025333333333333333,-0.06633333333333333,0.0,-0.07866666666666666,-0.037333333333333336,-0.008,-0.014666666666666666,-0.008666666666666666,-0.005333333333333333,-0.034666666666666665,-0.04133333333333333,-0.018666666666666668,0.014666666666666666,-0.08,-0.09733333333333333,-0.09133333333333334,-0.06899999999999999,-0.03333333333333333,-0.10266666666666667,-0.004,0.0,-0.06766666666666667,-0.029333333333333333,,-0.02666666666666667,-0.0013333333333333333,-0.068,-0.029333333333333333,-0.030666666666666665,0.0006666666666666665,-0.017333333333333333,-0.009333333333333334,-0.02,-0.038,-0.0013333333333333333,-0.06666666666666667,-0.0013333333333333333,0.002666666666666667,-0.036000000000000004,-0.058666666666666666,-0.0013333333333333333,-0.06533333333333333,-0.07533333333333334,-0.084,-0.03933333333333333,-0.05733333333333333,-0.024,-0.07066666666666667,-0.021333333333333333,,-0.06666666666666667,-0.0033333333333333335,-0.0026666666666666666,0.0,-0.06533333333333333,-0.018666666666666668,0.0,-0.04666666666666666,-0.04,-0.034666666666666665,-0.06833333333333333,-0.02666666666666667,0.0,-0.078,0.012666666666666666,-0.004,0.014666666666666666,0.004,0.005333333333333333,-0.028000000000000004,-0.064,-0.07200000000000001,0.0,-0.011333333333333334
11:00,0.029333333333333333,,0.0,0.01933333333333333,0.009333333333333334,-0.018666666666666668,-0.0013333333333333333,0.01933333333333333,-0.004,-0.0013333333333333333,-0.004,0.002,0.03066666666666667,-0.013333333333333334,-0.009333333333333334,0.005333333333333333,0.009333333333333334,-0.002,0.005333333333333333,-0.037333333333333336,0.0,-0.008,-0.02266666666666667,0.08133333333333333,0.024,-0.02266666666666667,0.019333333333333334,-0.060000000000000005,0.02666666666666667,0.046000000000000006,-0.012,-0.0033333333333333335,-0.021333333333333333,0.04133333333333333,0.021333333333333333,-0.032,-0.03333333333333333,0.03133333333333333,0.04,-0.03333333333333333,0.04066666666666666,0.008,,,-0.06266666666666668,0.046000000000000006,0.021333333333333333,-0.021333333333333333,-0.03133333333333334,-0.03133333333333333,0.02266666666666667,0.0013333333333333333,0.0,0.016666666666666666,-0.0026666666666666666,0.034666666666666665,0.05733333333333333,0.04666666666666667,0.02666666666666667,-0.0026666666666666666,0.005333333333333333,-0.032,-0.03066666666666667,-0.009333333333333334,0.0,0.044000000000000004,0.03133333333333334,-0.050666666666666665,-0.004,-0.0026666666666666666,0.022000000000000002,-0.03866666666666666,-0.009333333333333334,0.018666666666666668,0.02666666666666667,0.021333333333333333,-0.017333333333333333,0.018666666666666668,0.017333333333333333,-0.09133333333333332,-0.024,0.034,-0.006666666666666667,0.037333333333333336,0.014000000000000002,0.03333333333333333,0.026000000000000002,0.008333333333333333,-0.014666666666666666,,,-0.022000000000000002,-0.059333333333333335,0.0013333333333333333,0.010666666666666666,-0.005333333333333333,0.016666666666666666,0.006,-0.02266666666666667,-0.028666666666666667,0.007333333333333333,0.0,0.0013333333333333333,,,-0.004,-0.006666666666666667,-0.0006666666666666668,-0.08933333333333333,-0.09466666666666666,-0.032,,-0.08866666666666667,-0.060000000000000005,0.010666666666666666,-0.044000000000000004,0.0013333333333333333,0.008666666666666666,-0.006666666666666667,,0.0,0.0,-0.008,0.0,0.0,-0.027333333333333334,0.0033333333333333335,0.0,0.0013333333333333333,-0.07066666666666667,-0.051333333333333335,-0.0013333333333333333,-0.004,-0.07333333333333333,-0.066,-0.06266666666666666,-0.004,0.005333333333333333,0.010666666666666666,-0.04066666666666666,-0.08,-0.08133333333333333,0.0,-0.02,-0.03933333333333334,-0.02666666666666667,0.0,-0.016,-0.07733333333333332,-0.008,-0.0006666666666666666,0.0,0.0,-0.005333333333333333,-0.050666666666666665,-0.036000000000000004,-0.029333333333333333,0.006666666666666667,-0.02666666666666667,-0.006666666666666667,-0.064,0.0,0.0,-0.023333333333333334,-0.017333333333333333,-0.07266666666666667,0.0033333333333333335,0.0,-0.08800000000000001,-0.022000000000000002,-0.048,-0.0013333333333333335,-0.0013333333333333333,-0.068,-0.009333333333333334,,-0.009333333333333334,-0.048,-0.014666666666666666,0.006,-0.07866666666666666,-0.024,0.0,-0.012666666666666666,-0.016666666666666666,-0.06733333333333333,0.0,-0.05466666666666667,0.0013333333333333333,-0.0026666666666666666,0.02666666666666667,-0.028,0.006,0.010666666666666666,-0.008,-0.04533333333333334,-0.04733333333333333,-0.016,0.0,-0.004347826086956522
11:30,0.03333333333333333,,0.0,0.010666666666666666,0.009333333333333334,-0.016,-0.010666666666666666,0.028,-0.004,-0.0013333333333333333,-0.010666666666666666,-0.010666666666666666,0.024666666666666667,-0.017333333333333333,-0.02,0.009333333333333334,-0.0013333333333333333,-0.017333333333333333,-0.012,-0.010666666666666666,-0.0013333333333333333,-0.03933333333333333,0.006666666666666667,0.009333333333333334,0.03866666666666666,0.013333333333333334,0.025333333333333333,-0.06266666666666668,0.051333333333333335,0.04,-0.036000000000000004,-0.009333333333333334,-0.042666666666666665,0.060000000000000005,0.046000000000000006,-0.01,0.01933333333333333,0.038000000000000006,0.04533333333333334,-0.004666666666666666,0.04066666666666666,0.004,,,-0.018666666666666668,0.04666666666666667,0.037333333333333336,-0.068,-0.05466666666666667,-0.03666666666666667,0.056666666666666664,0.006666666666666667,0.008,0.004666666666666667,-0.004,0.04466666666666667,0.048,0.052000000000000005,0.032,-0.04,0.013333333333333334,-0.042666666666666665,-0.025333333333333333,-0.013333333333333334,0.0013333333333333333,0.020666666666666667,0.052000000000000005,-0.06533333333333333,-0.034666666666666665,0.036000000000000004,0.042666666666666665,-0.044000000000000004,-0.04133333333333333,0.042666666666666665,0.024,0.024666666666666667,0.024666666666666667,0.016,0.016666666666666666,-0.08666666666666667,-0.021333333333333333,0.043333333333333335,-0.024,0.026000000000000002,-0.006666666666666667,0.032,0.022666666666666665,0.012333333333333333,0.01933333333333333,,,-0.042333333333333334,-0.076,0.016,-0.0026666666666666666,0.037333333333333336,0.002,0.005333333333333333,-0.007333333333333333,-0.032,0.014,0.0013333333333333333,0.0,,,-0.042666666666666665,-0.04666666666666667,-0.0006666666666666665,-0.023,-0.017333333333333333,-0.09333333333333332,,-0.07466666666666666,-0.084,-0.02333333333333333,-0.03266666666666666,0.007333333333333333,0.0013333333333333333,-0.06466666666666666,,0.0,0.0,-0.013666666666666667,-0.004,0.0,-0.025333333333333333,-0.014666666666666666,0.0,0.0,0.012,-0.03066666666666667,-0.014666666666666666,0.005333333333333333,-0.06866666666666667,-0.050666666666666665,-0.06066666666666667,-0.014666666666666666,0.017333333333333333,-0.012666666666666666,-0.056,-0.056,-0.07266666666666667,-0.01,-0.008,-0.048,-0.044000000000000004,0.005333333333333333,-0.03333333333333333,-0.017333333333333333,-0.010666666666666666,-0.0013333333333333333,-0.0026666666666666666,0.0,0.0,-0.014666666666666666,-0.05533333333333333,-0.034,-0.037333333333333336,-0.082,-0.006666666666666667,-0.04533333333333333,0.0,-0.035,-0.0006666666666666668,-0.056,-0.08266666666666667,0.004666666666666667,0.0,-0.08133333333333333,-0.044000000000000004,-0.064,-0.008,-0.016,-0.07533333333333332,-0.006,,0.011333333333333334,-0.048,-0.032,0.0,-0.06333333333333334,-0.008,0.007333333333333333,-0.027333333333333334,-0.032,-0.07,0.0,-0.014000000000000002,0.0013333333333333333,-0.082,0.016,-0.059333333333333335,0.0,0.006666666666666667,-0.01,-0.042666666666666665,-0.05266666666666667,-0.060000000000000005,0.0006666666666666666,
12:00,0.0,,0.0,0.025333333333333333,-0.012,-0.013333333333333334,-0.012666666666666666,0.004666666666666666,-0.014000000000000002,-0.0013333333333333333,-0.004,0.0013333333333333333,0.032,-0.008,0.025333333333333333,-0.012,-0.029333333333333333,-0.006666666666666667,0.009333333333333334,-0.04933333333333333,-0.004,-0.037333333333333336,-0.03066666666666667,-4.625929269271486e-19,0.036000000000000004,-0.025333333333333333,0.020666666666666667,-0.04933333333333333,0.054000000000000006,0.04533333333333334,-0.03066666666666667,-0.024,-0.03266666666666666,0.048,0.044000000000000004,-0.005333333333333333,0.06533333333333333,0.050666666666666665,0.03333333333333333,-0.030000000000000002,0.018000000000000002,0.005333333333333333,,,-0.03066666666666667,0.06666666666666667,0.013333333333333334,-0.060000000000000005,-0.07066666666666667,-0.010666666666666666,0.04666666666666667,0.016,0.012,0.016,-0.005333333333333333,0.04533333333333334,0.03933333333333333,0.052000000000000005,0.010666666666666666,-0.04,0.024666666666666667,-0.016,-0.058666666666666666,-0.032,0.005333333333333333,0.044000000000000004,0.04533333333333334,-0.058666666666666666,-0.005333333333333333,0.0013333333333333333,0.04133333333333333,-0.04466666666666667,-0.0013333333333333333,0.027333333333333334,0.025333333333333333,0.022000000000000002,0.0,0.016,0.010666666666666666,-0.06933333333333333,-0.004,0.03333333333333333,-0.050666666666666665,0.028666666666666667,0.0013333333333333333,0.04066666666666666,0.021,0.013333333333333334,0.023666666666666666,,,-0.017333333333333333,-0.08133333333333333,0.015333333333333334,-0.016666666666666666,0.008,0.008,-0.0013333333333333333,-0.0026666666666666666,0.0026666666666666666,0.01,0.0,-0.014666666666666666,,,-0.028666666666666667,-0.058666666666666666,-0.010666666666666666,-0.004,-0.009333333333333334,-0.07666666666666666,,-0.08933333333333333,-0.04666666666666666,0.016,-0.022000000000000002,0.0013333333333333333,0.0026666666666666666,-0.081,,-0.013333333333333334,0.0,-0.013333333333333334,-0.049,0.0,-0.02666666666666667,-0.002,0.0,-0.004666666666666667,-0.008,-0.04,-0.0033333333333333335,-0.02266666666666667,-0.044000000000000004,-0.04666666666666666,-0.037333333333333336,-0.037333333333333336,0.005333333333333333,-0.005333333333333333,-0.08266666666666667,0.005333333333333333,-0.056,-0.009333333333333334,0.0013333333333333333,-0.058666666666666666,-0.020666666666666667,0.0,-0.02,-0.0006666666666666668,-0.0013333333333333333,-0.024,0.0,0.0,-0.0026666666666666666,-0.07200000000000001,-0.018666666666666668,-0.044000000000000004,0.009333333333333334,-0.07200000000000001,-0.002666666666666667,-0.05266666666666667,0.0,-0.03933333333333334,-0.006666666666666667,-0.008333333333333333,-0.04666666666666667,0.013333333333333334,-0.012,-0.050666666666666665,-0.024,-0.060000000000000005,-0.017333333333333333,-0.05733333333333333,-0.004,-0.07200000000000001,,-0.04566666666666667,-0.021333333333333333,-0.005333333333333333,0.006666666666666667,-0.06066666666666667,0.007333333333333333,0.004666666666666667,-0.06733333333333333,-0.025333333333333333,-0.048,-0.002,-0.044000000000000004,0.0033333333333333335,-0.06533333333333333,0.008666666666666666,-0.006666666666666667,-0.0026666666666666666,0.0026666666666666666,-0.006666666666666667,-0.007333333333333333,-0.032,-0.042666666666666665,0.0,
12:30,0.024666666666666667,,0.0,0.019333333333333334,-0.008,-0.007333333333333333,-0.014666666666666666,0.012,-0.005333333333333333,-0.0013333333333333333,-0.009333333333333334,0.013333333333333334,0.008,0.009333333333333334,0.04066666666666666,-0.016,-0.034,0.0,0.018666666666666668,0.009333333333333334,-0.005333333333333333,-0.038000000000000006,-0.017333333333333333,0.005333333333333333,0.027333333333333334,-0.029333333333333333,0.010666666666666666,-0.04,0.036000000000000004,0.059333333333333335,-0.02666666666666667,-0.03333333333333333,-0.0013333333333333333,0.026000000000000002,0.029333333333333333,-0.014666666666666666,0.05,0.04,0.029333333333333333,-0.034666666666666665,0.034,0.016,,,-0.0013333333333333333,0.043333333333333335,0.009333333333333334,-0.04,-0.076,-0.005333333333333333,0.042666666666666665,0.005333333333333333,0.010666666666666666,0.018000000000000002,-0.0013333333333333333,0.032,0.06533333333333333,0.056,0.005333333333333333,-0.005333333333333333,0.024,-0.03866666666666667,-0.060000000000000005,-0.002,0.0013333333333333333,0.02666666666666667,0.05333333333333334,-0.042666666666666665,-0.002,0.02,0.03866666666666666,-0.05333333333333334,-0.030000000000000002,0.02266666666666667,0.015333333333333334,0.02,0.018000000000000002,0.02666666666666667,0.004,-0.08600000000000001,0.010666666666666666,0.04533333333333334,-0.06666666666666667,0.02666666666666667,0.025,0.015000000000000001,0.007,0.023333333333333334,0.009333333333333332,,,-0.03333333333333333,-0.009333333333333334,0.0,-0.010666666666666666,0.04,0.009333333333333334,0.0013333333333333333,0.0013333333333333333,-0.025333333333333333,0.004,-0.005333333333333333,-0.024666666666666667,,,-0.025333333333333333,-0.046000000000000006,-0.008,-0.048,-0.004,-0.08600000000000001,,-0.06533333333333333,-0.08800000000000001,0.012666666666666666,-0.02733333333333333,-0.0013333333333333333,0.004,-0.0013333333333333333,,-0.024,-0.013333333333333334,0.0,-0.04933333333333333,0.0,-0.02,-0.014000000000000002,0.0,0.0,0.011333333333333334,-0.020666666666666667,-0.014666666666666666,-0.026000000000000002,-0.08866666666666667,2.312964634635743e-19,-0.022666666666666665,-0.006666666666666667,0.010666666666666666,-0.020666666666666667,-0.032,0.006666666666666667,-0.044000000000000004,-0.051000000000000004,0.012666666666666666,-0.036000000000000004,0.0033333333333333335,-0.008666666666666666,-0.030000000000000002,-0.020000000000000004,-0.0026666666666666666,-0.032,0.0,0.0,-0.016,-0.084,-0.025333333333333333,-0.02666666666666667,-0.03866666666666667,-0.013333333333333334,0.008666666666666666,-0.0013333333333333333,0.0,-0.012,0.0006666666666666666,-0.03333333333333333,-0.06933333333333333,-0.007333333333333333,-0.010666666666666666,-0.05466666666666667,-0.03866666666666666,-0.06266666666666668,-0.010666666666666666,-0.07266666666666667,-0.006666666666666667,-0.054000000000000006,,-0.044333333333333336,-0.021333333333333333,-0.08666666666666667,0.004,-0.08800000000000001,-0.014666666666666666,-0.013333333333333334,-0.05333333333333334,0.0,-0.004,0.0013333333333333333,-0.03866666666666666,0.006,-0.034666666666666665,0.028,-0.016,0.013333333333333334,0.006666666666666667,-0.004,-0.005333333333333333,-0.02666666666666667,-0.036000000000000004,0.0,
13:00,-0.02333333333333333,,0.0,0.027333333333333334,-0.034666666666666665,-0.010666666666666666,-0.005333333333333333,0.008,-0.009333333333333334,-0.004,-0.004,0.0006666666666666663,0.028,0.012,0.013333333333333334,-0.035333333333333335,-0.034,0.006666666666666667,-0.017333333333333333,0.018666666666666668,-0.005333333333333333,-0.029333333333333333,-0.03333333333333333,0.005333333333333332,-0.014666666666666666,-0.013333333333333334,0.006,-0.010666666666666666,0.03133333333333334,0.029333333333333333,-0.036000000000000004,-0.002666666666666666,-0.004,0.014000000000000002,0.032,-0.0013333333333333333,0.048,0.037333333333333336,0.04066666666666666,-0.05333333333333334,0.046000000000000006,0.0,,,-0.004,0.035333333333333335,0.0,-0.050666666666666665,-0.060000000000000005,-0.017333333333333333,0.036000000000000004,0.0,0.0013333333333333333,0.018000000000000002,-0.006666666666666667,0.027333333333333334,0.050666666666666665,0.023333333333333334,0.019333333333333334,0.0,0.005333333333333333,-0.058666666666666666,-0.050666666666666665,-0.012,0.0006666666666666666,0.027333333333333334,0.02,-0.02,-0.004,0.0026666666666666666,0.028666666666666667,-0.068,-0.029333333333333333,-0.010666666666666666,0.012,0.014,0.013333333333333334,0.021333333333333333,0.004666666666666667,-0.08133333333333333,0.009333333333333334,0.021333333333333333,-0.038000000000000006,0.034666666666666665,0.011000000000000003,0.023666666666666666,-0.015333333333333334,0.01633333333333333,0.006,,,-0.022333333333333334,-0.09066666666666667,0.0006666666666666666,-0.068,0.04666666666666667,0.0,0.0,-0.021333333333333333,-0.094,-0.005333333333333333,-0.021333333333333333,-0.03066666666666667,,,-0.014000000000000002,-0.016,-0.008,-0.07333333333333333,-0.03866666666666666,-0.064,,-0.060333333333333336,-0.04933333333333333,0.011333333333333334,-0.021333333333333333,-0.0013333333333333333,0.0,0.0,,-0.017333333333333333,-0.006666666666666667,0.0,-0.006666666666666667,-0.018000000000000002,-0.04,0.0013333333333333329,-0.006666666666666667,0.0,0.0013333333333333333,-0.064,-0.005333333333333333,-0.0026666666666666666,-0.07066666666666667,-0.03066666666666667,0.013333333333333334,-0.017333333333333333,0.016,0.004,-0.052000000000000005,-0.04133333333333333,-0.08533333333333333,-0.04466666666666667,-0.0033333333333333335,-0.025333333333333333,-0.006666666666666667,-0.006666666666666667,-0.022000000000000002,-0.02,-0.03933333333333333,-0.032,-0.0013333333333333333,-0.005333333333333333,-0.029333333333333333,-0.09666666666666666,-0.009333333333333334,-0.062000000000000006,-0.028666666666666667,-0.0013333333333333333,-0.04133333333333333,-0.02266666666666667,0.0,-0.020666666666666667,0.0013333333333333333,-0.076,-0.08,0.008,-0.006,-0.05466666666666667,-0.06266666666666666,-0.02666666666666667,-0.032,-0.07400000000000001,-0.03866666666666666,-0.092,,-0.06433333333333333,-0.016,-0.034666666666666665,0.0,-0.043333333333333335,-0.016,-0.036000000000000004,-0.032,0.004,-0.058666666666666666,0.0,-0.021333333333333333,0.0,-0.0033333333333333335,0.005333333333333333,-0.012,0.0,0.0026666666666666666,-0.009333333333333334,-0.032,-0.009333333333333334,-0.05733333333333333,0.004,
13:30,-0.05733333333333333,,0.0,0.010666666666666666,-0.005333333333333333,-0.019333333333333334,-0.013333333333333334,0.04666666666666667,-0.0026666666666666666,-0.016,-0.02,0.01933333333333333,-0.0006666666666666665,0.012,0.016,-0.020666666666666667,-0.006666666666666667,-0.004,-0.018000000000000002,0.008666666666666666,-0.005333333333333333,-0.011333333333333334,0.0,-0.020666666666666667,-0.021333333333333333,-0.025333333333333333,-0.0013333333333333333,-0.02666666666666667,0.02,0.025333333333333333,-0.018666666666666668,-0.028,-0.018666666666666668,-0.017333333333333333,0.022000000000000002,0.0,0.037333333333333336,0.036000000000000004,0.03066666666666667,-0.04533333333333333,0.018000000000000002,0.006666666666666667,,,0.0,0.036000000000000004,0.0026666666666666666,-0.07133333333333333,-0.06933333333333333,-0.02666666666666667,0.018000000000000002,0.0013333333333333333,-0.004,0.018666666666666668,-0.004,0.0,0.036000000000000004,0.005000000000000001,0.010333333333333333,-0.005333333333333333,0.026333333333333334,-0.06133333333333334,-0.048,-0.004,0.004,0.014666666666666666,0.010666666666666666,-0.05333333333333334,-0.0026666666666666666,0.016,0.03333333333333333,-0.012,-0.02,-0.02666666666666667,0.02333333333333333,0.0013333333333333333,0.009333333333333334,0.015333333333333334,0.0,-0.0013333333333333333,0.006666666666666667,0.027666666666666666,-0.043333333333333335,0.0013333333333333335,-0.032,0.016,-0.03900000000000001,0.009000000000000001,0.009666666666666665,,,-0.032,-0.058666666666666666,-0.004,-0.021333333333333333,0.029333333333333333,0.0013333333333333333,0.0,0.0,-0.03066666666666667,-0.01933333333333333,-0.019333333333333334,-0.10133333333333333,,,-0.034666666666666665,0.0,-0.005333333333333333,-0.058666666666666666,-0.04,-0.084,,-0.05,-0.08133333333333333,-0.002666666666666666,-0.048,0.0,0.0,0.0,,-0.009333333333333334,-0.018666666666666668,-0.010666666666666666,0.0,-0.032,-0.07066666666666667,-0.030000000000000002,0.0,0.0,0.0,-0.05,-0.05333333333333334,-0.016,-0.08266666666666667,0.005333333333333333,0.005333333333333333,-0.004,0.006666666666666667,-0.005333333333333333,-0.04533333333333334,-0.04533333333333334,-0.07533333333333332,-0.04533333333333333,-0.012666666666666666,-0.037333333333333336,-0.0033333333333333335,-0.0013333333333333333,-0.009333333333333334,-0.03133333333333334,-0.059333333333333335,-0.022000000000000002,-0.008666666666666666,-0.011666666666666665,-0.012,-0.09266666666666666,-0.004,-0.044000000000000004,-0.008,-0.027333333333333334,-0.006666666666666667,-0.0026666666666666666,-0.0026666666666666666,-0.005333333333333333,0.0,-0.004,-0.06533333333333333,-0.04133333333333333,0.0,-0.068,-0.012,-0.058,-0.07333333333333333,-0.004,-0.06333333333333332,-0.054000000000000006,,-0.016,-0.044000000000000004,-0.036000000000000004,0.004666666666666667,-0.004,-0.0013333333333333333,-0.030000000000000002,-0.01933333333333333,-0.027333333333333334,-0.07866666666666666,-0.009333333333333334,-0.006,0.0,-0.03866666666666667,0.004,-0.016,0.0,0.0,-0.004,-0.043333333333333335,-0.010666666666666666,-0.0013333333333333333,-0.024,
14:00,-0.03866666666666667,,0.0,0.0026666666666666666,-0.005333333333333333,-0.02266666666666667,-0.017333333333333333,0.028666666666666667,-0.0013333333333333333,-0.008,-0.01,0.013333333333333334,-0.02,0.0,-0.0006666666666666668,-0.07733333333333332,0.011333333333333334,-0.008,-0.017333333333333333,0.005333333333333333,-0.0026666666666666666,-0.024666666666666667,-0.0026666666666666666,-0.018333333333333333,0.0006666666666666666,-0.016,-0.02,-0.06533333333333333,0.012,0.021333333333333333,-0.029333333333333333,-0.046000000000000006,-0.038000000000000006,0.005333333333333333,0.010666666666666666,-0.05,0.017333333333333333,0.012666666666666666,0.012,-0.024666666666666667,0.019333333333333334,-0.0013333333333333333,,,-0.0026666666666666666,0.024666666666666667,-0.0013333333333333333,-0.051333333333333335,-0.09266666666666666,-0.023333333333333334,0.011333333333333334,-0.0026666666666666666,-0.006,0.012666666666666666,-0.005333333333333333,-0.03133333333333334,0.03066666666666667,-0.05266666666666667,0.005,-0.0026666666666666666,0.007333333333333333,-0.032,-0.05333333333333334,-0.006666666666666667,-0.0026666666666666666,0.017333333333333333,0.014666666666666666,-0.048666666666666664,-0.005333333333333333,-0.016,0.010666666666666666,-0.0013333333333333333,0.030000000000000002,0.021333333333333333,0.021333333333333333,-0.0026666666666666666,-0.02666666666666667,0.003,-0.04833333333333333,-0.082,-0.0026666666666666666,0.014333333333333333,-0.07666666666666667,-0.01633333333333333,-0.065,0.012,-0.03966666666666666,0.011,0.007333333333333333,,,-0.079,-0.009666666666666665,-0.029333333333333333,-0.042,-0.013666666666666667,0.0,0.0,-0.016,-0.05466666666666667,-0.017333333333333333,-0.0013333333333333333,-0.024,,,-0.06333333333333334,-0.02266666666666667,-0.005333333333333333,-0.08800000000000001,-0.07733333333333332,-0.034666666666666665,,-0.04533333333333333,-0.07466666666666667,-0.004,-0.042,-0.036000000000000004,-0.0013333333333333333,0.0,,-0.016,-0.046000000000000006,-0.008,-0.004,-0.008,-0.07066666666666667,-0.036000000000000004,-0.017333333333333333,0.0,0.0,-0.064,-0.029333333333333333,0.0,-0.04666666666666667,-0.0013333333333333333,-0.0026666666666666666,-0.012,0.002,-0.0033333333333333335,-0.07933333333333333,-0.030000000000000002,-0.064,-0.005333333333333333,-0.021333333333333333,0.0013333333333333333,0.0,-0.016666666666666666,-0.034666666666666665,-0.04733333333333333,-0.03866666666666666,-0.028000000000000004,-0.034666666666666665,-0.018000000000000002,-0.03866666666666666,-0.08666666666666667,-0.025333333333333333,-0.004,-0.004,-0.02266666666666667,-0.008,-0.008,-0.007333333333333333,-0.030000000000000002,0.0,-0.06266666666666666,-0.078,0.0,-0.028666666666666667,-0.02666666666666667,-0.013333333333333334,-0.068,-0.009333333333333334,-0.04666666666666666,-0.0026666666666666666,-0.025333333333333333,,-0.03066666666666667,-0.018666666666666668,-0.07466666666666667,0.0,-0.0026666666666666666,-0.028666666666666667,-0.024,-0.04,-0.010666666666666666,-0.05333333333333334,0.0,-0.035333333333333335,0.0,-0.048666666666666664,0.0,-0.006666666666666667,0.0,0.0,-0.04733333333333333,-0.016,-0.006666666666666667,-0.006666666666666667,-0.037333333333333336,
14:30,-0.04133333333333333,,0.0,2.074333333333333,2.021,1.9776666666666667,1.975,2.117,2.052,2.0036666666666667,2.0563333333333333,2.0473333333333334,2.0343333333333335,2.0416666666666665,2.066666666666667,1.9200000000000002,2.0466666666666664,1.9983333333333333,1.9903333333333333,2.0746666666666664,2.0436666666666663,1.9709999999999999,1.9726666666666666,0.012333333333333333,0.004,-0.036000000000000004,-0.04733333333333333,-0.014666666666666666,0.005333333333333333,0.0013333333333333333,-0.052000000000000005,-0.05466666666666667,-0.06666666666666667,-0.005333333333333333,-0.009333333333333334,-0.03866666666666666,0.012,0.014666666666666666,0.008,-0.04466666666666666,0.01,0.005333333333333333,,,-0.0013333333333333333,0.008,0.006666666666666667,-0.034666666666666665,-0.07533333333333334,-0.03866666666666667,0.004666666666666667,0.0,-0.042666666666666665,0.0033333333333333335,-0.0026666666666666666,-0.023333333333333334,0.012,-0.007000000000000001,0.001,-0.0013333333333333333,-0.001,-0.05466666666666667,-0.059333333333333335,-0.02266666666666667,-0.004666666666666667,0.008,0.016,-0.028,0.0,-0.017333333333333333,0.0006666666666666666,-0.0013333333333333333,0.03933333333333333,0.018666666666666668,0.009333333333333334,-0.0036666666666666666,0.0026666666666666666,-0.01,-0.041666666666666664,-0.084,0.0006666666666666666,0.007333333333333333,-0.05500000000000001,-0.004666666666666666,-0.024333333333333332,0.005666666666666666,-0.013666666666666667,0.002,-0.0006666666666666665,,,-0.06133333333333334,-0.010333333333333333,-0.03266666666666666,-0.005333333333333333,2.022,2.065,2.049,1.9843333333333333,1.946,1.9903333333333333,2.0246666666666666,1.9186666666666665,,,1.9696666666666665,2.0463333333333336,2.0166666666666666,1.8693333333333333,1.9609999999999999,1.9493333333333331,,1.9026666666666665,2.0016666666666665,1.9676666666666667,1.9709999999999999,1.9966666666666666,1.9576666666666667,2.022666666666667,,1.9929999999999999,2.009333333333333,2.002,2.007,2.0356666666666667,1.9476666666666667,1.9973333333333334,2.009,2.0336666666666665,1.9843333333333333,1.9516666666666667,2.0460000000000003,2.0496666666666665,1.896,1.988,1.9983333333333333,1.9926666666666668,2.01,2.0643333333333334,1.9903333333333333,2.018333333333333,1.956,2.019,2.0216666666666665,2.034,2.038,1.9733333333333332,1.8966666666666667,1.9863333333333333,1.9483333333333333,1.9589999999999999,1.9556666666666667,2.001,1.837,2.0256666666666665,1.9686666666666668,2.022666666666667,2.0613333333333332,1.9753333333333332,2.054666666666667,2.034333333333333,1.9646666666666666,1.9686666666666668,1.9903333333333333,1.9033333333333333,1.9663333333333333,2.052,1.949,2.0029999999999997,1.9403333333333335,1.9683333333333333,2.022333333333333,2.0146666666666664,1.9583333333333333,2.041,,2.0043333333333333,1.9093333333333333,1.957,2.028,2.0273333333333334,2.0036666666666667,1.9709999999999999,1.9596666666666667,2.0223333333333335,1.8886666666666665,2.029,2.0356666666666667,1.9843333333333333,1.9416666666666667,0.0,-0.004,0.0,0.0,-0.04,-0.032,-0.024,-0.0026666666666666666,-0.04133333333333333,
15:00,-0.028666666666666667,,0.0,2.0416666666666665,2.0366666666666666,1.968,1.9996666666666665,2.0926666666666667,2.076,2.07,2.068,2.0416666666666665,2.0493333333333332,1.9969999999999999,2.0706666666666664,1.9396666666666667,2.0073333333333334,1.986,1.9856666666666667,2.0469999999999997,2.046,2.0669999999999997,2.0316666666666667,-0.002,-0.004,-0.04133333333333333,-0.08800000000000001,-0.048,0.0,-0.018000000000000002,-0.028,-0.037333333333333336,-0.07200000000000001,-0.032,-0.010666666666666666,-0.04733333333333333,0.0026666666666666666,0.0,-0.016,-0.005333333333333333,0.004666666666666667,0.004,,,-0.005333333333333333,0.0,0.0,-0.062000000000000006,-0.08333333333333333,-0.042,0.0,-0.024666666666666667,-0.07333333333333333,-0.002,-0.029333333333333333,-0.024,0.0,-0.025666666666666667,0.0,-0.014666666666666666,-0.013666666666666667,-0.02666666666666667,-0.037333333333333336,-0.021333333333333333,-0.0026666666666666666,0.0,0.0,-0.04133333333333333,0.0,-0.017333333333333333,0.0,-0.004,0.007333333333333333,0.004666666666666667,0.0,-0.001,-0.0003333333333333333,-0.014,0.0,-0.029,-0.001,0.001,-0.059333333333333335,0.005333333333333333,-0.04866666666666667,-0.013000000000000001,-0.008666666666666666,0.0,-0.004,,,-0.05566666666666667,-0.0030000000000000005,-0.018666666666666665,0.0,2.0896666666666666,2.056,2.0260000000000002,1.9746666666666668,1.9506666666666665,1.9813333333333332,2.0283333333333333,1.9593333333333334,,,1.9786666666666666,1.9676666666666667,1.9916666666666667,2.0166666666666666,2.033,1.9393333333333334,,2.002666666666667,2.007,1.9696666666666665,1.9806666666666668,2.0196666666666667,2.0123333333333333,2.005333333333333,,2.0029999999999997,1.994,1.986,1.9943333333333333,1.9466666666666665,1.948,2.0163333333333333,1.9993333333333332,2.0243333333333333,2.0313333333333334,1.9579999999999997,1.9773333333333334,2.0176666666666665,1.9573333333333334,1.9996666666666665,1.9789999999999999,2.0086666666666666,2.0296666666666665,2.04,2.051,2.006333333333333,1.9823333333333333,1.9579999999999997,2.0033333333333334,2.0126666666666666,2.044,1.9736666666666667,1.9769999999999999,1.9589999999999999,2.0,1.9876666666666665,1.9423333333333332,1.9383333333333332,1.9136666666666666,2.0463333333333336,1.978,2.0416666666666665,2.031,1.9886666666666666,2.023,2.0513333333333335,1.9553333333333331,1.9469999999999998,2.0203333333333333,1.9729999999999999,2.009333333333333,2.007,2.0149999999999997,2.006,1.9696666666666665,2.006333333333333,1.9803333333333333,2.024,2.0376666666666665,2.0406666666666666,,2.0193333333333334,2.023,2.037,1.9916666666666667,2.0416666666666665,2.0006666666666666,1.998,1.9669999999999999,1.9893333333333334,1.9706666666666666,2.023333333333333,2.051,2.037333333333333,2.035333333333333,-0.003,-0.004,-0.005333333333333333,-0.010666666666666666,-0.018666666666666668,-0.06133333333333334,-0.042666666666666665,-0.005333333333333333,-0.030666666666666665,
15:30,-0.022000000000000002,,0.0,0.04566666666666666,0.029,0.04333333333333333,0.06499999999999999,0.07400000000000001,0.06966666666666667,0.06833333333333334,0.06966666666666667,0.059333333333333335,0.06433333333333333,0.05999999999999999,0.02933333333333333,0.0063333333333333314,0.06533333333333333,0.024666666666666663,0.049333333333333326,0.06466666666666666,0.068,0.027666666666666662,0.06599999999999999,-0.017,-0.006,-0.05466666666666666,-0.09066666666666667,-0.04133333333333333,-0.0013333333333333333,-0.04133333333333333,-0.052000000000000005,-0.06266666666666666,-0.10133333333333333,-0.028,-0.013333333333333334,-0.04533333333333334,-0.0013333333333333333,0.0,-0.03933333333333333,-0.0026666666666666666,-0.012,-0.006666666666666667,,,-0.005333333333333333,0.0,-0.018666666666666668,-0.07066666666666667,-0.04533333333333333,-0.058666666666666666,0.0,-0.04133333333333333,-0.084,-0.034666666666666665,-0.021333333333333333,-0.0013333333333333333,0.001,-0.032,-0.001,-0.005,-0.04833333333333334,0.0,0.0,-0.028666666666666667,-0.012,0.0,0.0,-0.06133333333333334,0.0,-0.009333333333333334,0.0,-0.004,0.0,0.0026666666666666666,-0.014,-0.002,-0.001,-0.027333333333333334,-0.005,-0.017666666666666667,-0.009000000000000001,0.0,-0.027333333333333334,-0.025,-0.034333333333333334,-0.0033333333333333335,0.0,-0.001,-0.005,,,-0.036333333333333336,-0.008333333333333333,-0.0023333333333333335,0.0,0.07066666666666666,0.07,0.059333333333333335,0.05333333333333333,0.034333333333333334,0.04766666666666666,0.05566666666666666,0.02633333333333333,,,0.04133333333333333,0.026,0.035,0.061000000000000006,0.06466666666666666,0.04433333333333333,,0.005999999999999999,0.02133333333333333,0.037,0.028,0.06699999999999999,0.059333333333333335,0.033,,0.04066666666666666,0.030666666666666665,0.037,0.038,-0.010000000000000002,0.0013333333333333294,0.015333333333333329,0.034333333333333334,0.05566666666666666,0.065,0.06233333333333334,0.06233333333333333,0.020999999999999998,0.053000000000000005,0.06199999999999999,0.06133333333333333,0.06533333333333333,0.06766666666666668,0.05733333333333333,0.06866666666666667,0.06699999999999999,0.03933333333333333,0.04633333333333333,0.05966666666666666,0.05133333333333333,0.06566666666666666,0.04533333333333333,0.014999999999999993,0.04933333333333333,0.05366666666666666,0.036,0.03766666666666666,0.00033333333333333083,0.02133333333333333,0.06233333333333334,0.039999999999999994,0.06833333333333333,0.06266666666666668,0.05266666666666666,0.05966666666666666,0.06833333333333333,0.00833333333333333,0.023666666666666666,0.06266666666666668,0.06466666666666666,0.06233333333333334,0.043333333333333335,0.056,0.011666666666666662,0.037,0.06833333333333333,0.05633333333333333,0.032999999999999995,0.06599999999999999,0.057666666666666665,,0.04933333333333333,0.06599999999999999,0.06199999999999999,0.0076666666666666645,0.06733333333333333,0.053,0.004999999999999999,0.059333333333333335,0.034,0.06766666666666668,0.05166666666666666,0.058666666666666666,0.02333333333333333,0.06733333333333333,-0.012,-0.0026666666666666666,-0.021333333333333333,-0.03866666666666667,-0.0026666666666666666,-0.005333333333333333,-0.009333333333333334,-0.004,0.0,
16:00,-0.04133333333333333,,0.0,-0.067,-0.042666666666666665,-0.024,-0.006666666666666667,-0.005333333333333333,-0.0023333333333333335,0.0,0.0,-0.014333333333333335,-0.020666666666666667,-0.04066666666666666,-0.046,-0.03866666666666667,-0.008333333333333333,-0.043000000000000003,-0.03066666666666667,-0.013333333333333332,0.0,-0.036000000000000004,-0.0023333333333333335,-0.014000000000000002,-0.050666666666666665,-0.06866666666666667,-0.10333333333333333,-0.006666666666666667,-0.017333333333333333,-0.0026666666666666666,-0.058666666666666666,-0.034666666666666665,-0.08266666666666667,-0.036000000000000004,-0.03866666666666666,-0.07,-0.02333333333333333,-0.009333333333333334,-0.024,0.0,-0.022000000000000002,-0.0013333333333333333,,,0.0,-0.010666666666666666,-0.06533333333333333,-0.03133333333333333,-0.07333333333333333,-0.042666666666666665,-0.013333333333333334,-0.025333333333333333,-0.07866666666666666,-0.060000000000000005,-0.0013333333333333333,-0.05266666666666667,-0.004,-0.0036666666666666666,-0.012,-0.007666666666666667,-0.027333333333333334,-0.004,-0.004,-0.05,-0.02,-0.008,-0.01,-0.004,0.0,-0.04,-0.008,0.0,-0.015333333333333334,-0.005333333333333333,-0.026333333333333334,-0.008,-0.012,-0.04566666666666667,-0.0036666666666666666,-0.001,-0.02666666666666667,-0.002,-0.041666666666666664,-0.059000000000000004,-0.024,-0.009000000000000001,-0.024,-0.005,-0.004,,,-0.0023333333333333335,-0.004333333333333333,-0.0023333333333333335,-0.005,-0.001,-0.0013333333333333333,-0.034666666666666665,-0.02266666666666667,-0.066,-0.02033333333333333,-0.012,-0.024666666666666667,,,-0.064,-0.05600000000000001,-0.025,0.0,-0.005,-0.006333333333333333,,-0.059666666666666666,-0.06266666666666668,-0.017666666666666667,-0.036000000000000004,-0.01,-0.007333333333333333,-0.022000000000000002,,-1.0846666666666667,-0.044000000000000004,-0.052000000000000005,-0.058666666666666666,-0.07666666666666667,-0.06933333333333333,-0.032,-0.052000000000000005,-0.02,-0.007,-0.0023333333333333335,-0.028333333333333335,-0.021333333333333333,-0.035,-0.058666666666666666,0.0,-0.006,-0.008333333333333333,-0.019000000000000003,-0.0036666666666666666,-0.013000000000000001,-0.010333333333333333,-0.012,-0.008666666666666666,-0.028333333333333335,-0.012,-0.02333333333333333,-0.0013333333333333333,-0.006333333333333333,-0.032,-0.014666666666666666,-0.016666666666666666,-0.068,-0.026000000000000002,-0.0036666666666666666,-0.041,-0.005,-0.013666666666666667,-0.05366666666666667,-0.013666666666666667,-0.005,-0.051333333333333335,-0.043333333333333335,-0.017,-0.0023333333333333335,-0.0036666666666666666,-0.0023333333333333335,0.0,-0.028000000000000004,-0.009666666666666667,-0.0023333333333333335,-0.02,-0.026333333333333334,-0.0023333333333333335,-0.013333333333333334,,-0.026000000000000002,-0.0023333333333333335,-0.0036666666666666666,-0.07333333333333333,0.0,-0.05366666666666667,-0.04,-0.009000000000000001,-0.018666666666666668,-0.006333333333333333,-0.05533333333333333,-0.03666666666666667,-0.034666666666666665,-0.016333333333333335,-0.04633333333333334,0.0,-0.05333333333333334,-0.04133333333333333,-0.005333333333333333,0.0,-0.008,-0.004,-0.009333333333333334,
16:30,-0.02,,0.0,-0.03833333333333334,-0.05666666666666667,-0.006,-0.016,-0.017666666666666667,-0.002,0.0,-0.001,-0.011333333333333332,-0.04666666666666667,-0.04000000000000001,,-0.0013333333333333333,-0.03333333333333333,-0.058666666666666666,-0.01633333333333333,-0.030333333333333334,-0.001,-0.027333333333333334,-0.0036666666666666666,-0.022000000000000002,-0.05366666666666667,-0.07600000000000001,-0.07133333333333333,0.0,-0.03866666666666667,-0.001,-0.05,-0.056,-0.004,-0.052000000000000005,-0.0026666666666666666,-0.0026666666666666666,-0.021333333333333333,-0.03333333333333333,-0.026000000000000002,0.0,-0.04,-0.006,,,0.0,-0.036000000000000004,-0.08,-0.013333333333333334,-0.06666666666666667,-0.017333333333333333,-0.042,-0.03133333333333333,-0.08666666666666667,-0.07866666666666666,-0.004,-0.09466666666666666,-0.015333333333333332,-0.008333333333333333,-0.029,-0.007666666666666667,-0.05333333333333334,-0.001,-0.012,-0.05733333333333333,-0.05733333333333333,-0.028666666666666667,-0.030000000000000002,-0.018666666666666668,0.0,-0.043333333333333335,-0.035666666666666666,-0.0013333333333333333,-0.03066666666666667,-0.018666666666666668,-0.050333333333333334,-0.022333333333333334,-0.036000000000000004,-0.066,-0.005,-0.0023333333333333335,-0.046000000000000006,-0.012333333333333333,-0.005,-0.028666666666666667,-0.038000000000000006,-0.011666666666666665,-0.015333333333333332,-0.011666666666666665,-0.029666666666666668,,,-0.005,-0.015333333333333334,-0.0023333333333333335,-0.0036666666666666666,-0.019666666666666666,-0.014666666666666666,-0.07466666666666667,-0.044000000000000004,-0.018666666666666668,-0.005,-0.029333333333333333,-0.028000000000000004,,,-0.06266666666666668,-0.043000000000000003,-0.021,-0.0023333333333333335,-0.008666666666666666,-0.006333333333333333,,-0.04933333333333333,-0.012666666666666666,-0.037333333333333336,-0.059333333333333335,-0.025,-0.011333333333333332,-0.044000000000000004,,-0.6473333333333334,-0.07066666666666667,-0.08,-0.07200000000000001,-0.062000000000000006,-0.09000000000000001,-0.033,-0.068,-0.043333333333333335,-0.027000000000000003,-0.018333333333333333,-0.043000000000000003,-0.030333333333333334,-0.034333333333333334,-0.035333333333333335,-0.0023333333333333335,-0.011,-0.011,-0.017,-0.0036666666666666666,-0.007,-0.006333333333333333,-0.024,-0.015000000000000001,-0.029999999999999995,-0.03666666666666667,-0.058,-0.008,-0.005666666666666666,-0.051666666666666666,-0.042333333333333334,-0.0033333333333333335,-0.06266666666666666,-0.02,0.0,-0.015333333333333334,-0.013000000000000001,-0.019666666666666666,-0.028000000000000004,-0.02033333333333333,-0.0036666666666666666,-0.034666666666666665,-0.06933333333333333,-0.033666666666666664,-0.0036666666666666666,0.0,-0.007666666666666667,-0.004,-0.024000000000000004,-0.0023333333333333335,-0.0026666666666666666,-0.0036666666666666666,-0.001,-0.005666666666666667,-0.013666666666666667,,-0.058,-0.009333333333333334,-0.007666666666666667,-0.06133333333333333,0.0,-0.051000000000000004,-0.0026666666666666666,-0.005,-0.008,-0.0036666666666666666,-0.064,-0.05466666666666667,-0.015000000000000001,-0.018333333333333333,-0.045000000000000005,0.0,-0.036000000000000004,-0.02666666666666667,-0.005333333333333333,0.0,-0.012666666666666666,0.0,-0.008,
17:00,-0.034666666666666665,,0.0,-0.001,-0.0036666666666666666,-0.0036666666666666666,-0.03066666666666667,-0.034666666666666665,0.0,-0.001,0.0,0.0,-0.05600000000000001,-0.042,,-0.005333333333333333,-0.04666666666666667,-0.02866666666666667,-0.005,-0.058,0.0,-0.01633333333333333,-0.008,-0.03333333333333333,-0.051333333333333335,-0.04733333333333333,-0.04,0.0,-0.07066666666666667,-0.005,-0.005333333333333333,-0.052000000000000005,-0.0026666666666666666,-0.04466666666666667,-0.05733333333333333,-0.005333333333333333,-0.0026666666666666666,-0.06533333333333333,-0.019666666666666666,0.0,-0.016,-0.005000000000000001,,,0.0,-0.067,-0.03666666666666667,-0.005333333333333333,-0.05466666666666666,-0.004,-0.07466666666666667,-0.05,-0.0026666666666666666,-0.005333333333333333,-0.029333333333333333,-0.02766666666666667,-0.05333333333333334,-0.0023333333333333335,-0.07133333333333333,0.0,-0.045000000000000005,-0.001,-0.005333333333333333,-0.06066666666666667,-0.068,-0.066,-0.05266666666666667,-0.0026666666666666666,0.0,-0.048,-0.06533333333333333,-0.004,-0.051333333333333335,-0.044333333333333336,-0.064,-0.052000000000000005,-0.059000000000000004,-0.014000000000000002,-0.005,-0.0036666666666666666,-0.035333333333333335,-0.01566666666666667,0.0,-0.014000000000000002,-0.0036666666666666666,-0.021333333333333333,-0.027000000000000003,-0.04633333333333334,-0.048,,,-0.001,-0.021333333333333333,-0.007666666666666667,-0.0036666666666666666,-0.021666666666666667,-0.024,-0.06933333333333333,-0.011000000000000001,-0.02,-0.0023333333333333335,-0.052000000000000005,-0.005333333333333333,,,-0.04133333333333333,-0.04800000000000001,-0.02266666666666667,-0.005,0.0,-0.0036666666666666666,,-0.057666666666666665,-0.006333333333333333,-0.001,-0.05366666666666667,-0.011,-0.033,-0.050666666666666665,,-0.27166666666666667,-0.08266666666666667,-0.060000000000000005,-0.018666666666666668,-0.06266666666666668,-0.02666666666666667,-0.022000000000000002,-0.09066666666666666,-0.06866666666666667,-0.05366666666666667,-0.002,0.0,-0.034333333333333334,-0.026000000000000002,-0.021666666666666667,0.0,-0.023,-0.005,-0.046000000000000006,0.0,-0.024333333333333332,-0.006333333333333333,-0.03866666666666666,-0.014333333333333333,-0.014000000000000002,-0.05333333333333334,-0.010000000000000002,-0.060000000000000005,-0.005666666666666667,-0.06766666666666668,-0.04533333333333334,0.0,-0.08466666666666667,-0.006,0.0,0.0,-0.007,-0.004333333333333333,-0.02766666666666667,-0.016,0.0,-0.0026666666666666666,-0.042666666666666665,-0.04466666666666667,0.0,-0.0023333333333333335,-0.023333333333333334,0.0,-0.001,0.0,0.0,-0.007666666666666667,0.0,0.0,-0.028333333333333335,,-0.0013333333333333333,-0.006333333333333333,0.0,-0.004,0.0,-0.009000000000000001,-0.005333333333333333,0.0,-0.0026666666666666666,0.0,-0.005333333333333333,-0.008,-0.001,-0.005,-0.0036666666666666666,0.0,-0.006666666666666667,0.0,0.0,0.0,0.0,0.0,0.0,
17:30,-0.004,,0.0,-0.0023333333333333335,0.0,-0.001,0.0,-0.005,0.0023333333333333335,0.0,0.0,-0.001,0.0,0.0,,0.0,-0.001,-0.006333333333333333,-0.0036666666666666666,-0.0036666666666666666,0.0,-0.0033333333333333335,-0.0023333333333333335,-0.006666666666666667,-0.006333333333333333,-0.0026666666666666666,-0.004,0.0,-0.02766666666666667,-0.0023333333333333335,0.0,-0.012,-0.004,-0.0013333333333333333,-0.035333333333333335,-0.004,-0.005333333333333333,-0.02,-0.006333333333333333,0.0,-0.0036666666666666666,-0.01566666666666667,,,0.0,-0.035,-0.006333333333333333,-0.004,-0.025333333333333333,-0.004,-0.030333333333333334,-0.06133333333333334,-0.0026666666666666666,-0.012,-0.0023333333333333335,-0.0036666666666666666,-0.04733333333333334,-0.0023333333333333335,-0.014333333333333335,0.0,-0.005,0.0,-0.0013333333333333333,-0.020666666666666667,-0.044000000000000004,-0.066,-0.018333333333333333,0.0,0.0,-0.016,-0.058666666666666666,0.0,-0.056,-0.058666666666666666,-0.004666666666666667,-0.033666666666666664,-0.04700000000000001,-0.007666666666666667,-0.005,-0.001,-0.03266666666666667,-0.02366666666666667,-0.0023333333333333335,-0.020666666666666667,0.0,-0.030333333333333334,-0.036000000000000004,-0.033,-0.04033333333333333,,,-0.0023333333333333335,-0.04733333333333333,-0.0036666666666666666,-0.0023333333333333335,-0.010000000000000002,-0.04,-0.03294117647058824,-0.010666666666666666,-0.0036666666666666666,0.0,-0.046000000000000006,-0.005333333333333333,,,-0.0013333333333333333,-0.0023333333333333335,-0.005,-0.005,0.0,-0.0036666666666666666,,-0.006333333333333333,-0.003,-0.0023333333333333335,-0.001,-0.014000000000000002,-0.020000000000000004,-0.06266666666666666,,-0.018666666666666668,-0.04466666666666666,-0.005333333333333333,0.0,-0.001,-0.0026666666666666666,-0.001,-0.092,-0.066,-0.001,-0.005,-0.006,-0.007666666666666667,0.0,-0.006333333333333333,-0.013000000000000001,-0.009333333333333334,-0.006333333333333333,-0.025666666666666667,0.0,-0.0023333333333333335,-0.0036666666666666666,-0.012,-0.001,-0.001,-0.018666666666666668,-0.021333333333333333,-0.013333333333333334,-0.005,-0.0023333333333333335,-0.0036666666666666666,-0.005,-0.017333333333333333,-0.04133333333333333,0.0,0.0,-0.0036666666666666666,-0.0036666666666666666,-0.005333333333333333,-0.0036666666666666666,0.0,-0.005333333333333333,-0.004,-0.001,0.0,0.0,-0.0036666666666666666,0.0,-0.005,-0.005,0.0,0.0,0.0,0.0,0.0,0.0,0.0,-0.0036666666666666666,0.0,0.0,0.0,-0.0036666666666666666,0.0,0.0,0.0,-0.0023333333333333335,0.0,0.0,0.0,0.0,0.0,0.0,0.0,0.0,0.0,0.0,0.0,0.0,0.0,
18:00,0.0,,0.0,0.0,0.0,0.0,0.0,0.0,0.0016666666666666668,0.0,-0.001,0.0,-0.0026666666666666666,0.0,,0.0,-0.0023333333333333335,0.0,0.0,0.0,0.0,0.0,0.0,0.0,0.0,-0.0036666666666666666,0.0,0.0,0.0,0.0,0.0,0.0,-0.0026666666666666666,-0.0026666666666666666,-0.0023333333333333335,0.0,-0.0013333333333333333,0.0,0.0,0.0,0.0,-0.0036666666666666666,,,0.0,-0.005,0.0,0.0,-0.005333333333333333,0.0,0.0,-0.006333333333333333,-0.008,-0.0023333333333333335,0.0,-0.006333333333333333,-0.005,0.0,-0.005,0.0,0.0,0.0,-0.0026666666666666666,-0.006666666666666667,-0.0013333333333333333,-0.008,-0.0023333333333333335,0.0,0.0,-0.010666666666666666,-0.0023333333333333335,0.0,-0.005333333333333333,-0.0023333333333333335,-0.007333333333333333,0.0,-0.001,-0.005,0.0,0.0,-0.006333333333333333,-0.007666666666666667,0.0,-0.011000000000000001,-0.0023333333333333335,-0.005,-0.005,-0.0023333333333333335,-0.001,,,-0.001,-0.013333333333333334,0.0,0.0,-0.005,-0.006666666666666667,,-0.014333333333333335,0.0,-0.0023333333333333335,-0.004,-0.004,,,-0.005333333333333333,0.0,-0.005,0.0,0.0,-0.0036666666666666666,,-0.0023333333333333335,-0.0023333333333333335,-0.0033333333333333335,-0.006333333333333333,-0.0023333333333333335,-0.001,-0.004,,0.0,0.0,-0.0026666666666666666,-0.0026666666666666666,-0.0036666666666666666,-0.006666666666666667,-0.005,-0.004,-0.005,-0.005,0.0,-0.013666666666666667,-0.0023333333333333335,0.0,-0.001,-0.0036666666666666666,0.0,-0.0023333333333333335,-0.005,0.0,0.0,0.0,0.0,-0.0036666666666666666,-0.001,-0.005333333333333333,-0.0036666666666666666,-0.004,-0.005,-0.005,0.0,-0.0036666666666666666,0.0,-0.005,0.0,0.0,-0.0036666666666666666,0.0,0.0,0.0,0.0,0.0,0.0,0.0,0.0,0.0,0.0,0.0,0.0,0.0,0.0,0.0,0.0,0.0,,,0.0,0.0,0.0,0.0,0.0,0.0,0.0,0.0,0.0,0.0,0.0,0.0,0.0,0.0,0.0,0.0,0.0,0.0,0.0,0.0,0.0,0.0,0.0,
18:30,0.0,,0.0,0.0,0.0,0.0,0.0,0.0,0.001,0.0,0.0,0.0,0.0,0.0,,0.0,0.0,0.0,0.0,0.0,0.0,0.0,0.0,0.0,0.0,0.0,0.0,0.0,0.0,0.0,0.0,0.0,0.0,0.0,0.0,0.0,0.0,0.0,0.0,0.0,0.0,0.0,,,0.0,0.0,0.0,0.0,0.0,0.0,0.0,0.0,0.0,0.0,0.0,0.0,0.0,0.0,0.0,0.0,0.0,0.0,0.0,-0.0013333333333333333,-0.004,-0.0023333333333333335,-0.0036666666666666666,0.0,0.0,0.0,-0.005,0.0,-0.0026666666666666666,0.0,-0.0023333333333333335,-0.006333333333333333,-0.0036666666666666666,0.0,0.0,-0.0036666666666666666,0.0,-0.0023333333333333335,0.0,0.0,0.0,0.0,0.0,-0.005,-0.0036666666666666666,,,0.0,-0.001,0.0,0.0,-0.0023333333333333335,0.0,,-0.0023333333333333335,-0.001,0.0,0.0,-0.004,,,0.0,0.0,-0.001,0.0,0.0,0.0,,-0.005,0.0,-0.0023333333333333335,-0.0023333333333333335,-0.0023333333333333335,-0.0036666666666666666,-0.0026666666666666666,,0.0,-0.005333333333333333,0.0,0.0,0.0,-0.0026666666666666666,0.0,-0.0026666666666666666,0.0,0.0,0.0,0.0,0.0,0.0,-0.0023333333333333335,0.0,0.0,0.0,0.0,0.0,0.0,0.0,0.0,0.0,0.0,0.0,0.0,0.0,0.0,0.0,0.0,0.0,0.0,0.0,0.0,0.0,0.0,0.0,0.0,0.0,0.0,0.0,0.0,0.0,0.0,0.0,0.0,0.0,0.0,0.0,0.0,0.0,0.0,0.0,,,0.0,0.0,0.0,0.0,0.0,0.0,0.0,0.0,0.0,0.0,0.0,0.0,0.0,0.0,0.0,0.0,0.0,0.0,0.0,0.0,0.0,0.0,0.0,
19:00,0.0,,0.0,0.0,0.0,0.0,0.0,0.0,0.0,0.0,0.0,0.0,0.0,0.0,,0.0,0.0,0.0,0.0,0.0,0.0,0.0,0.0,0.0,0.0,0.0,0.0,0.0,0.0,0.0,0.0,0.0,0.0,0.0,0.0,0.0,0.0,0.0,0.0,0.0,0.0,0.0,,,0.0,0.0,0.0,0.0,0.0,0.0,0.0,0.0,0.0,0.0,0.0,0.0,0.0,0.0,0.0,0.0,0.0,0.0,0.0,0.0,0.0,0.0,0.0,0.0,0.0,0.0,0.0,0.0,0.0,0.0,0.0,-0.0036666666666666666,0.0,0.0,0.0,0.0,0.0,0.0,0.0,0.0,0.0,0.0,0.0,0.0,0.0,,,0.0,0.0,0.0,0.0,0.0,0.0,,0.0,0.0,-0.0023333333333333335,0.0,0.0,,,0.0,0.0,0.0,0.0,0.0,0.0,,0.0,0.0,0.0,0.0,0.0,0.0,0.0,,0.0,0.0,0.0,0.0,0.0,0.0,0.0,0.0,0.0,0.0,0.0,0.0,0.0,0.0,0.0,0.0,0.0,0.0,0.0,0.0,0.0,0.0,0.0,0.0,0.0,0.0,0.0,0.0,0.0,0.0,0.0,0.0,0.0,0.0,0.0,0.0,0.0,0.0,0.0,0.0,0.0,0.0,0.0,0.0,0.0,0.0,0.0,0.0,0.0,0.0,0.0,0.0,0.0,0.0,,,0.0,0.0,0.0,0.0,0.0,0.0,0.0,0.0,0.0,0.0,0.0,0.0,0.0,0.0,0.0,0.0,0.0,0.0,0.0,0.0,0.0,0.0,0.0,
19:30,0.0,,0.0,-4.6866666666666665,-4.679333333333333,-4.660666666666667,-4.667333333333334,-4.673666666666667,-4.651333333333333,-4.652333333333333,-4.659000000000001,-4.784666666666666,-4.685333333333333,-4.693,,-4.383666666666667,-4.683000000000001,-4.850333333333333,-4.722666666666667,-4.684,-4.665333333333334,-4.6850000000000005,0.0,0.0,0.0,0.0,0.0,0.0,0.0,0.0,0.0,0.0,0.0,0.0,0.0,0.0,0.0,0.0,0.0,0.0,0.0,0.0,,,0.0,0.0,0.0,0.0,0.0,0.0,0.0,0.0,0.0,0.0,0.0,0.0,0.0,0.0,0.0,0.0,0.0,0.0,0.0,0.0,0.0,0.0,0.0,0.0,0.0,0.0,0.0,0.0,0.0,0.0,0.0,0.0,0.0,0.0,0.0,0.0,0.0,0.0,0.0,0.0,0.0,0.0,0.0,0.0,0.0,,,0.0,0.0,0.0,0.0,-4.858333333333333,-4.8726666666666665,,-4.864999999999999,-4.8613333333333335,-4.860333333333333,-4.775333333333333,-4.87925925925926,-4.88,-4.88,-4.297666666666667,-4.866333333333333,-4.856,-4.854666666666666,-4.848333333333333,-4.849333333333333,,-4.862333333333334,-4.861000000000001,-4.860666666666666,-4.699666666666667,-4.855666666666666,-4.867333333333334,-4.464333333333333,,-3.1686666666666667,-4.898666666666667,-4.8966666666666665,-4.902666666666667,-4.882666666666666,-4.718333333333334,-4.718999999999999,-4.803666666666667,-4.883333333333334,-4.871666666666667,-4.703666666666667,-4.857666666666666,-4.866,-4.871666666666667,-4.870666666666667,-4.864,-4.856333333333334,-4.860333333333333,-4.865666666666667,-4.697333333333333,-4.703333333333333,-4.701,-4.454666666666666,-4.700333333333333,-4.807666666666666,-4.705666666666667,-4.711,-4.458,-4.713666666666667,-4.8790000000000004,-4.709333333333333,-4.705333333333333,-4.3100000000000005,-4.712999999999999,-4.865333333333334,-4.867,-4.705333333333333,-4.703333333333333,-4.71,-4.861666666666666,-4.702666666666667,-4.132666666666667,-4.434666666666667,-4.708,-4.6979999999999995,-4.853,-4.705333333333333,-4.252,-4.705,-4.649,-4.699,-4.812666666666667,-4.699666666666667,-4.696,,,-3.9776666666666665,-4.7,-4.706666666666666,-4.279333333333333,-4.682,-4.8406666666666665,-4.115666666666667,-4.780666666666666,-4.701,-4.6883333333333335,-4.131666666666667,-4.697666666666667,-4.695666666666667,0.0,0.0,0.0,0.0,0.0,0.0,0.0,0.0,0.0,0.0,
20:00,0.0,,0.0,-4.101666666666667,-3.784,-3.2856666666666663,-1.677,-3.7746666666666666,-3.6013333333333337,-3.605,-3.605,-3.7756666666666665,-0.5513333333333333,-3.1396666666666664,,0.0,-3.4583333333333335,-3.786,-3.944666666666667,-3.945,-3.9373333333333336,-3.458666666666667,0.0,0.0,0.0,0.0,0.0,0.0,0.0,0.0,0.0,0.0,0.0,0.0,0.0,0.0,0.0,0.0,0.0,0.0,0.0,0.0,,,0.0,0.0,0.0,0.0,0.0,0.0,0.0,0.0,0.0,0.0,0.0,0.0,0.0,0.0,0.0,0.0,0.0,0.0,0.0,0.0,0.0,0.0,0.0,0.0,0.0,0.0,0.0,0.0,0.0,0.0,0.0,0.0,0.0,0.0,0.0,0.0,0.0,0.0,0.0,0.0,0.0,0.0,0.0,0.0,0.0,,,0.0,0.0,0.0,0.0,-4.861666666666666,-0.7163333333333333,,-4.301666666666667,-3.801,-4.776333333333333,0.0,,,,0.0,-4.1353333333333335,-4.453,-4.111,-4.266666666666667,-3.7816666666666667,,-3.1453333333333333,-3.631333333333333,-4.610333333333333,-3.8006666666666664,-4.455,-4.885000000000001,0.0,,0.0,-0.394,-0.22933333333333333,-0.394,-4.477333333333333,-1.208,-4.803666666666667,0.0,-4.800333333333333,-4.793666666666667,-3.966333333333333,-4.460666666666667,-4.787333333333334,-3.4833333333333334,-4.63,-4.451,-4.296333333333333,-4.876333333333333,-4.8853333333333335,-4.118,-4.46,-3.795666666666667,0.0,-2.0176666666666665,-3.9686666666666666,-1.206,-3.0006666666666666,0.0,-4.143,-3.6593333333333335,-4.468333333333334,-4.622333333333333,0.0,-1.6960000000000002,-3.9626666666666663,-4.134333333333333,-4.125,-4.454,-3.484,-4.462,-4.448666666666667,0.0,0.0,-4.457,-4.111,-3.6253333333333333,-4.449333333333333,0.0,-2.823,-3.7983333333333333,-3.6310000000000002,-3.791,-4.1113333333333335,-3.9483333333333333,,,0.0,-4.117,-3.7800000000000002,0.0,-3.2983333333333333,-3.622,0.0,-3.302333333333333,-0.227,-3.3026666666666666,0.0,-1.198,-4.116333333333333,0.0,0.0,0.0,0.0,0.0,0.0,0.0,0.0,0.0,0.0,
20:30,0.0,,0.0,0.0,0.0,0.0,0.0,0.0,0.0,0.0,0.0,0.0,0.0,0.0,,0.0,0.0,0.0,0.0,0.0,0.0,0.0,-1.505,-1.465,-1.4833333333333334,-1.5123333333333335,-1.5703333333333334,-1.5483333333333333,-1.5073333333333332,-1.4906666666666666,-1.5333333333333334,-1.4746666666666668,-1.491,-1.5456666666666667,-1.5356666666666667,-1.498,-1.4853333333333334,-1.508,-1.5086666666666668,-1.4840000000000002,-1.5563333333333336,-1.5106666666666666,,,-1.4723333333333335,-1.5090000000000001,-1.5753333333333335,-1.569,-1.5636666666666668,-1.525,-1.5196666666666667,-1.5223333333333333,-1.514,-1.5196666666666667,-1.5083333333333333,-1.5083333333333333,-1.514,-1.505,-1.5553333333333335,-1.5160000000000002,-1.495666666666667,-1.485,-1.5473333333333334,-1.491,-1.5126666666666668,-1.5093333333333334,-1.5633333333333332,-1.5126666666666668,-1.4716666666666667,-1.514,-1.5686666666666667,-1.5123333333333335,-1.4673333333333334,-1.5176666666666667,-1.5100000000000002,-1.5603333333333333,-1.5056666666666667,-1.5206666666666668,-1.5223333333333333,-1.506,-1.562,-1.5503333333333336,-1.554,-1.512,-1.5133333333333332,-1.4993333333333334,-1.4993333333333334,-1.5466666666666666,-1.5483333333333333,,,-1.485,-1.5006666666666668,-1.5613333333333335,-1.4658823529411766,-0.16266666666666665,0.0,,0.0,0.0,0.0,0.0,0.0,,,0.0,0.0,0.0,0.0,0.0,0.0,,0.0,0.0,0.0,0.0,0.0,-0.06566666666666666,0.0,,0.0,0.0,0.0,0.0,0.0,0.0,0.0,0.0,0.0,0.0,0.0,0.0,0.0,0.0,0.0,0.0,0.0,-0.06566666666666666,-0.06566666666666666,0.0,0.0,0.0,0.0,0.0,0.0,0.0,0.0,0.0,0.0,0.0,0.0,0.0,0.0,0.0,0.0,0.0,0.0,0.0,0.0,0.0,0.0,0.0,0.0,0.0,0.0,0.0,0.0,0.0,0.0,0.0,0.0,0.0,0.0,0.0,,,0.0,0.0,0.0,0.0,0.0,0.0,0.0,0.0,0.0,0.0,0.0,0.0,0.0,-1.5153333333333334,-1.5056666666666667,-1.5073333333333332,-1.5160000000000002,-1.5093333333333334,-1.527666666666667,-1.5186666666666668,-1.5793333333333335,-1.5493333333333335,-1.5746666666666667,
21:00,0.0,,0.0,0.0,0.0,0.0,0.0,0.0,0.0,0.0,0.0,0.0,0.0,0.0,,0.0,0.0,0.0,0.0,0.0,0.0,0.0,-1.5206666666666666,-1.5276666666666665,-1.5703333333333334,-1.56,-1.5696666666666668,-1.566,-1.549,-1.538,-1.5516666666666667,-1.5710000000000002,-1.5603333333333333,-1.5473333333333334,-1.582,-1.557,-1.5473333333333334,-1.5496666666666667,-1.5666666666666667,-1.5479999999999998,-1.5786666666666667,-1.5596666666666665,,,-1.543,-1.5793333333333335,-1.5716666666666665,-1.57,-1.5686666666666667,-1.5703333333333334,-1.5800000000000003,-1.5770000000000002,-1.5646666666666669,-1.5683333333333336,-1.5613333333333335,-1.5650000000000002,-1.5683333333333336,-1.5616666666666668,-1.5606666666666666,-1.5616666666666668,-1.5656666666666665,-1.5336666666666665,-1.5466666666666666,-1.5533333333333335,-1.5516666666666667,-1.5813333333333335,-1.572,-1.5506666666666669,-1.542,-1.5486666666666666,-1.5730000000000002,-1.549,-1.5683333333333336,-1.5696666666666668,-1.5710000000000002,-1.5650000000000002,-1.5663333333333334,-1.562,-1.5593333333333335,-1.5606666666666666,-1.5656666666666665,-1.5593333333333335,-1.5633333333333332,-1.5566666666666669,-1.56,-1.5476666666666667,-1.556,-1.5533333333333335,-1.554,,,-1.5553333333333335,-1.5563333333333336,-1.564,,0.0,0.0,,0.0,0.0,0.0,,0.0,,,0.0,0.0,0.0,0.0,0.0,0.0,,0.0,0.0,0.0,0.0,0.0,0.0,0.0,,0.0,0.0,0.0,0.0,0.0,0.0,0.0,0.0,0.0,0.0,0.0,0.0,0.0,0.0,0.0,0.0,0.0,0.0,0.0,0.0,0.0,0.0,0.0,0.0,0.0,0.0,0.0,0.0,0.0,0.0,0.0,0.0,0.0,0.0,0.0,0.0,0.0,0.0,0.0,0.0,0.0,0.0,0.0,0.0,0.0,0.0,0.0,0.0,0.0,0.0,0.0,0.0,0.0,0.0,,,0.0,0.0,0.0,0.0,0.0,0.0,0.0,0.0,0.0,0.0,0.0,0.0,0.0,-1.5596666666666665,-1.568,-1.5483333333333333,-1.5583333333333333,-1.5623333333333336,-1.5676666666666668,-1.57,-1.5710000000000002,-1.5723333333333334,-1.5626666666666666,
21:30,0.0,,0.0,0.0,0.0,0.0,0.0,0.0,0.0,0.0,0.0,0.0,0.0,0.0,,0.0,0.0,0.0,0.0,0.0,0.0,0.0,-1.5383333333333333,-1.5456666666666667,-1.5713333333333332,-1.568,-1.574,-1.5770000000000002,-1.5676666666666668,-1.56,-1.5656666666666665,-1.589,-1.5483333333333333,-1.57,-1.5716666666666665,-1.5743333333333334,-1.5653333333333335,-1.569,-1.5623333333333336,-1.5703333333333334,-1.5636666666666668,-1.5616666666666668,,,-1.5590000000000002,-1.5616666666666668,-1.5736666666666668,-1.5723333333333334,-1.589,-1.5796666666666668,-1.5653333333333335,-1.5646666666666669,-1.5686666666666667,-1.564,-1.5616666666666668,-1.5673333333333335,-1.555,-1.566,-1.5693333333333332,-1.5636666666666668,-1.5486666666666666,-1.5556666666666668,-1.5693333333333332,-1.5576666666666668,-1.574,-1.569,-1.5536666666666668,-1.5683333333333336,-1.5523333333333333,-1.5696666666666668,-1.5666666666666667,-1.5670000000000002,-1.5703333333333334,-1.5643333333333334,-1.5713333333333332,-1.5663333333333334,-1.5653333333333335,-1.5663333333333334,-1.5643333333333334,-1.5706666666666669,-1.5710000000000002,-1.5726666666666667,-1.566,-1.5613333333333335,-1.569,-1.5603333333333333,-1.5646666666666669,-1.5576666666666668,-1.561,,,-1.5636666666666668,-1.5613333333333335,-1.566,,0.0,0.0,,0.0,0.0,0.0,,0.0,,,0.0,0.0,0.0,0.0,0.0,0.0,,0.0,0.0,0.0,0.0,0.0,0.0,0.0,,0.0,0.0,0.0,0.0,0.0,0.0,0.0,0.0,0.0,0.0,0.0,0.0,0.0,0.0,0.0,0.0,0.0,0.0,0.0,0.0,0.0,0.0,0.0,0.0,0.0,0.0,0.0,0.0,0.0,0.0,0.0,0.0,0.0,0.0,0.0,0.0,0.0,0.0,0.0,0.0,0.0,0.0,0.0,0.0,0.0,0.0,0.0,0.0,0.0,0.0,0.0,0.0,0.0,0.0,,,0.0,0.0,0.0,0.0,0.0,0.0,0.0,0.0,0.0,0.0,0.0,0.0,0.0,-1.5726666666666667,-1.5683333333333336,-1.5696666666666668,-1.581,-1.5790000000000002,-1.5816666666666668,-1.5756666666666668,-1.5843333333333334,-1.575,-1.5873333333333335,
22:00,0.0,,0.0,0.0,0.0,0.0,0.0,0.0,0.0,0.0,0.0,0.0,0.0,0.0,,0.0,0.0,0.0,0.0,0.0,0.0,0.0,-1.5286666666666666,-1.5343333333333333,-1.5736666666666668,-1.5786666666666667,-1.5876666666666668,-0.5206666666666667,-1.5650000000000002,-1.555,-1.557,-0.6396666666666667,-0.5206666666666667,-1.5553333333333335,-1.5843333333333334,-1.247,-1.5536666666666668,-1.5693333333333332,-1.586,-1.555,-1.586,-1.5850000000000002,,,-1.5476666666666667,-1.582,-1.5790000000000002,-1.5716666666666665,-0.3126666666666667,-1.1093333333333333,-1.586,-1.5853333333333335,-1.5743333333333334,-1.581,-1.583,-1.574,-1.5730000000000002,-1.5716666666666665,-1.5683333333333336,-1.5703333333333334,-1.5686666666666667,-1.5433333333333334,-1.5583333333333333,-1.4540000000000002,-1.566,-1.5883333333333336,-1.5753333333333335,-1.5686666666666667,-1.5463333333333333,-1.5676666666666668,-1.5796666666666668,-1.5753333333333335,-1.5853333333333335,-1.5816666666666668,-1.5753333333333335,-1.574,-1.5706666666666669,-1.5663333333333334,-1.5736666666666668,-1.5676666666666668,-1.5730000000000002,-1.5643333333333334,-1.5650000000000002,-1.5696666666666668,-1.569,-1.556,-1.561,-1.5670000000000002,-1.569,,,-1.5623333333333336,-1.568,-1.5686666666666667,,0.0,0.0,,0.0,0.0,0.0,,0.0,,,0.0,0.0,0.0,0.0,0.0,0.0,,0.0,0.0,0.0,0.0,0.0,0.0,0.0,,0.0,0.0,0.0,0.0,0.0,0.0,0.0,0.0,0.0,0.0,0.0,0.0,0.0,0.0,0.0,0.0,0.0,0.0,0.0,0.0,0.0,0.0,0.0,0.0,0.0,0.0,0.0,0.0,0.0,0.0,0.0,0.0,0.0,0.0,0.0,0.0,0.0,0.0,0.0,0.0,0.0,0.0,0.0,0.0,0.0,0.0,0.0,0.0,0.0,0.0,0.0,0.0,0.0,0.0,,,0.0,0.0,0.0,0.0,0.0,0.0,0.0,0.0,0.0,0.0,0.0,0.0,0.0,-1.5676666666666668,-1.5773333333333333,-1.5773333333333333,-1.094,-0.7386666666666667,-0.42266666666666663,-0.2126666666666667,-0.15833333333333333,-0.052333333333333336,-0.787,
22:30,0.0,,0.0,0.0,0.0,0.0,0.0,0.0,0.0,0.0,0.0,0.0,0.0,0.0,,0.0,0.0,0.0,0.0,0.0,0.0,0.0,-0.051000000000000004,-0.051333333333333335,-0.053000000000000005,-0.052000000000000005,-0.052333333333333336,0.0,-0.052000000000000005,-0.051666666666666666,0.0,0.0,0.0,-0.052000000000000005,-0.052000000000000005,0.0,-0.052000000000000005,-0.052000000000000005,-0.05333333333333334,-0.052000000000000005,-0.05333333333333334,-0.05333333333333334,,,-0.052000000000000005,-0.052000000000000005,-0.05333333333333334,-0.052333333333333336,0.0,0.0,-0.05333333333333334,-0.052000000000000005,-0.052000000000000005,-0.05333333333333334,-0.05333333333333334,-0.053000000000000005,-0.051333333333333335,-0.05266666666666667,-0.05266666666666667,-0.05266666666666667,-0.05266666666666667,-0.051666666666666666,-0.052000000000000005,0.0,-0.052333333333333336,-0.052000000000000005,-0.051666666666666666,-0.052000000000000005,-0.052000000000000005,-0.052000000000000005,-0.053000000000000005,-0.052000000000000005,-0.052000000000000005,-0.05333333333333334,-0.053000000000000005,-0.05266666666666667,-0.05266666666666667,-0.05266666666666667,-0.052333333333333336,-0.05266666666666667,-0.053000000000000005,-0.052333333333333336,-0.05266666666666667,-0.052333333333333336,-0.052333333333333336,-0.052000000000000005,-0.052000000000000005,-0.051666666666666666,-0.051666666666666666,,,-0.052333333333333336,-0.05266666666666667,-0.05266666666666667,,0.0,0.0,,0.0,0.0,0.0,,0.0,,,0.0,0.0,0.0,0.0,0.0,0.0,,0.0,0.0,0.0,0.0,0.0,0.0,0.0,,0.0,0.0,0.0,0.0,0.0,0.0,0.0,0.0,0.0,0.0,0.0,0.0,0.0,0.0,0.0,0.0,0.0,0.0,0.0,0.0,0.0,0.0,0.0,0.0,0.0,0.0,0.0,0.0,0.0,0.0,0.0,0.0,0.0,0.0,0.0,0.0,0.0,0.0,0.0,0.0,0.0,0.0,0.0,0.0,0.0,0.0,0.0,0.0,0.0,0.0,0.0,0.0,0.0,0.0,,,0.0,0.0,0.0,0.0,0.0,0.0,0.0,0.0,0.0,0.0,0.0,0.0,0.0,-0.05266666666666667,-0.053000000000000005,-0.052000000000000005,0.0,0.0,0.0,0.0,0.0,0.0,0.0,
23:00,0.0,,0.0,0.0,0.0,0.0,0.0,0.0,0.0,0.0,0.0,0.0,0.0,0.0,,0.0,0.0,0.0,0.0,0.0,0.0,0.0,0.0,0.0,0.0,0.0,0.0,0.0,0.0,0.0,0.0,0.0,0.0,0.0,0.0,0.0,0.0,0.0,0.0,0.0,0.0,0.0,,,0.0,0.0,0.0,0.0,0.0,0.0,0.0,0.0,0.0,0.0,0.0,0.0,0.0,0.0,0.0,0.0,0.0,0.0,0.0,0.0,0.0,0.0,0.0,0.0,0.0,0.0,0.0,0.0,0.0,0.0,0.0,0.0,0.0,0.0,0.0,0.0,0.0,0.0,0.0,0.0,0.0,0.0,0.0,0.0,0.0,,,0.0,0.0,0.0,,0.0,0.0,,0.0,0.0,0.0,,0.0,,,0.0,0.0,0.0,0.0,0.0,0.0,,0.0,0.0,0.0,0.0,0.0,0.0,0.0,,0.0,0.0,0.0,0.0,0.0,0.0,0.0,0.0,0.0,0.0,0.0,0.0,0.0,0.0,0.0,0.0,0.0,0.0,0.0,0.0,0.0,0.0,0.0,0.0,0.0,0.0,0.0,0.0,0.0,0.0,0.0,0.0,0.0,0.0,0.0,0.0,0.0,0.0,0.0,0.0,0.0,0.0,0.0,0.0,0.0,0.0,0.0,0.0,0.0,0.0,0.0,0.0,0.0,0.0,,,0.0,0.0,0.0,0.0,0.0,0.0,0.0,0.0,0.0,0.0,0.0,0.0,0.0,0.0,0.0,0.0,0.0,0.0,0.0,0.0,0.0,0.0,0.0,
23:30,0.0,0.0,0.0,0.0,0.0,0.0,0.0,0.0,0.0,0.0,0.0,0.0,0.0,0.0,,0.0,0.0,0.0,0.0,0.0,0.0,0.0,0.0,0.0,0.0,0.0,0.0,0.0,0.0,0.0,0.0,0.0,0.0,0.0,0.0,0.0,0.0,0.0,0.0,0.0,0.0,0.0,,,0.0,0.0,0.0,0.0,0.0,0.0,0.0,0.0,0.0,0.0,0.0,0.0,0.0,0.0,0.0,0.0,0.0,0.0,0.0,0.0,0.0,0.0,0.0,0.0,0.0,0.0,0.0,0.0,0.0,0.0,0.0,0.0,0.0,0.0,0.0,0.0,0.0,0.0,0.0,0.0,0.0,0.0,0.0,0.0,0.0,,,0.0,0.0,0.0,,0.0,0.0,,0.0,0.0,0.0,,0.0,,,0.0,0.0,0.0,0.0,0.0,0.0,,0.0,0.0,0.0,0.0,0.0,0.0,0.0,,0.0,0.0,0.0,0.0,0.0,0.0,0.0,0.0,0.0,0.0,0.0,0.0,0.0,0.0,0.0,0.0,0.0,0.0,0.0,0.0,0.0,0.0,0.0,0.0,0.0,0.0,0.0,0.0,0.0,0.0,0.0,0.0,0.0,0.0,0.0,0.0,0.0,0.0,0.0,0.0,0.0,0.0,0.0,0.0,0.0,0.0,0.0,0.0,0.0,0.0,0.0,0.0,0.0,0.0,,,0.0,0.0,0.0,0.0,0.0,0.0,0.0,0.0,0.0,0.0,0.0,0.0,0.0,0.0,0.0,0.0,0.0,0.0,0.0,0.0,0.0,0.0,0.0,
24:00,,0.0,0.0,0.0,0.0,0.0,0.0,0.0,0.0,0.0,0.0,0.0,0.0,0.0,0.0,0.0,0.0,0.0,0.0,0.0,0.0,0.0,0.0,0.0,0.0,0.0,0.0,0.0,0.0,0.0,0.0,0.0,0.0,0.0,0.0,0.0,0.0,0.0,0.0,0.0,0.0,0.0,,,0.0,0.0,0.0,0.0,0.0,0.0,0.0,0.0,0.0,0.0,0.0,0.0,0.0,0.0,0.0,0.0,0.0,0.0,0.0,0.0,0.0,0.0,0.0,0.0,0.0,0.0,0.0,0.0,0.0,0.0,0.0,0.0,0.0,0.0,0.0,0.0,0.0,0.0,0.0,0.0,0.0,0.0,0.0,0.0,0.0,,,0.0,0.0,0.0,,0.0,0.0,,0.0,0.0,0.0,,0.0,,,0.0,0.0,0.0,0.0,0.0,0.0,,0.0,0.0,0.0,0.0,0.0,0.0,0.0,,0.0,0.0,0.0,0.0,0.0,0.0,0.0,0.0,0.0,0.0,0.0,0.0,0.0,0.0,0.0,0.0,0.0,0.0,0.0,0.0,0.0,0.0,0.0,0.0,0.0,0.0,0.0,0.0,0.0,0.0,0.0,0.0,0.0,0.0,0.0,0.0,0.0,0.0,0.0,0.0,0.0,0.0,0.0,0.0,0.0,0.0,0.0,0.0,0.0,0.0,0.0,0.0,0.0,0.0,,,0.0,0.0,0.0,0.0,0.0,0.0,0.0,0.0,0.0,0.0,0.0,0.0,0.0,0.0,0.0,0.0,0.0,0.0,0.0,0.0,0.0,0.0,0.0,0.0
