,2025-03-24,2025-03-25,2025-03-26,2025-03-27,2025-03-28,2025-03-29,2025-03-30,2025-03-31,2025-04-01,2025-04-02,2025-04-03,2025-04-04,2025-04-05,2025-04-06,2025-04-07,2025-04-08,2025-04-09,2025-04-10,2025-04-11,2025-04-12,2025-04-13,2025-04-14,2025-04-15,2025-04-16,2025-04-17,2025-04-18,2025-04-19,2025-04-20,2025-04-21,2025-04-22,2025-04-23,2025-04-24,2025-04-25,2025-04-26,2025-04-27,2025-04-28,2025-04-29,2025-04-30,2025-05-01,2025-05-02,2025-05-03,2025-05-04,2025-05-05,2025-05-06,2025-05-07,2025-05-08,2025-05-09,2025-05-10,2025-05-11,2025-05-12,2025-05-13,2025-05-14,2025-05-15,2025-05-16,2025-05-17,2025-05-18,2025-05-19,2025-05-20,2025-05-21,2025-05-22,2025-05-23,2025-05-24,2025-05-25,2025-05-26,2025-05-27,2025-05-28,2025-05-29,2025-05-30,2025-05-31,2025-06-01,2025-06-02,2025-06-03,2025-06-04,2025-06-05,2025-06-06,2025-06-07,2025-06-08,2025-06-09,2025-06-10,2025-06-11,2025-06-12,2025-06-13,2025-06-14,2025-06-15,2025-06-16,2025-06-17,2025-06-18,2025-06-19,2025-06-20,2025-06-21,2025-06-22,2025-06-23,2025-06-24,2025-06-25,2025-06-26,2025-06-27,2025-06-28,2025-06-29,2025-06-30,2025-07-01,2025-07-02,2025-07-03,2025-07-04,2025-07-05,2025-07-06,2025-07-07,2025-07-08,2025-07-09,2025-07-10,2025-07-11,2025-07-12,2025-07-13,2025-07-14,2025-07-15,2025-07-16,2025-07-17,2025-07-18,2025-07-19,2025-07-20,2025-07-21,2025-07-22,2025-07-23,2025-07-24,2025-07-25,2025-07-26,2025-07-27,2025-07-28,2025-07-29,2025-07-30,2025-07-31,2025-08-01,2025-08-02,2025-08-03,2025-08-04,2025-08-05,2025-08-06,2025-08-07,2025-08-08,2025-08-09,2025-08-10,2025-08-11,2025-08-12,2025-08-13,2025-08-14,2025-08-15,2025-08-16,2025-08-17,2025-08-18,2025-08-19,2025-08-20,2025-08-21,2025-08-22,2025-08-23,2025-08-24,2025-08-25,2025-08-26,2025-08-27,2025-08-28,2025-08-29,2025-08-30,2025-08-31,2025-09-01,2025-09-02,2025-09-03,2025-09-04,2025-09-05,2025-09-06,2025-09-07,2025-09-08,2025-09-09,2025-09-10,2025-09-11,2025-09-12,2025-09-13,2025-09-14,2025-09-15,2025-09-16,2025-09-17,2025-09-18,2025-09-19,2025-09-20,2025-09-21,2025-09-22,2025-09-23,2025-09-24,2025-09-25,2025-09-26,2025-09-27,2025-09-28,2025-09-29,2025-09-30,2025-10-01,2025-10-02,2025-10-03,2025-10-04,2025-10-05,2025-10-06,2025-10-07,2025-10-08,2025-10-09
00:30,0.0,0.0,0.0,0.0,0.0,0.0,0.0,0.0,0.0,0.0,0.0,0.0,0.0,0.0,0.0,0.0,0.0,0.0,0.0,0.0,0.0,0.0,0.0,0.0,0.0,0.0,0.0,0.0,0.0,0.0,0.0,0.0,0.0,0.0,0.0,0.0,0.0,0.0,0.0,0.0,0.0,0.0,0.0,0.0,0.0,0.0,0.0,0.0,0.0,0.0,0.0,0.0,0.0,0.0,0.0,0.0,0.0,0.0,0.0,0.0,0.0,0.0,0.0,0.0,0.0,0.0,0.0,0.0,0.0,0.0,0.0,0.0,0.0,0.0,0.0,0.0,0.0,0.0,0.0,0.0,0.0,0.0,0.0,,0.0,0.0,0.0,0.0,0.0,0.0,0.0,0.0,0.0,0.0,0.0,0.0,0.0,0.0,0.0,0.0,0.0,0.0,0.0,0.0,0.0,0.0,0.0,0.0,0.0,0.0,0.0,0.0,0.0,0.0,0.0,0.0,0.0,0.0,0.0,0.0,0.0,0.0,0.0,0.0,0.0,0.0,0.0,0.0,0.0,0.0,0.0,0.0,0.0,0.0,0.0,0.0,0.0,0.0,0.0,0.0,0.0,0.0,0.0,0.0,0.0,,,0.0,0.0,0.0,0.0,0.0,0.0,0.0,0.0,0.0,0.0,0.0,0.0,0.0,0.0,0.0,0.0,0.0,0.0,0.0,0.0,0.0,0.0,0.0,0.0,0.0,0.0,0.0,0.0,0.0,0.0,0.0,0.0,0.0,0.0,0.0,0.0,0.0,0.0,0.0,0.0,0.0,0.0,0.0,0.0,0.0,0.0,0.0,0.0,0.0,0.0,0.0,0.0,0.0
01:00,0.0,0.0,0.0,0.0,0.0,0.0,0.0,0.0,0.0,0.0,0.0,0.0,0.0,0.0,0.0,0.0,0.0,0.0,0.0,0.0,0.0,0.0,0.0,0.0,0.0,0.0,0.0,0.0,0.0,0.0,0.0,0.0,0.0,0.0,0.0,0.0,0.0,0.0,0.0,0.0,0.0,0.0,0.0,0.0,0.0,0.0,0.0,0.0,0.0,0.0,0.0,0.0,0.0,0.0,0.0,0.0,0.0,0.0,0.0,0.0,0.0,0.0,0.0,0.0,0.0,0.0,0.0,0.0,0.0,0.0,0.0,0.0,0.0,0.0,0.0,0.0,0.0,0.0,0.0,0.0,0.0,0.0,0.0,,0.0,0.0,0.0,0.0,0.0,0.0,0.0,0.0,0.0,0.0,0.0,0.0,0.0,0.0,0.0,0.0,0.0,0.0,0.0,0.0,0.0,0.0,0.0,0.0,0.0,0.0,0.0,0.0,0.0,0.0,0.0,0.0,0.0,0.0,0.0,0.0,0.0,0.0,0.0,0.0,0.0,0.0,0.0,0.0,0.0,0.0,0.0,0.0,0.0,0.0,0.0,0.0,0.0,0.0,0.0,0.0,0.0,0.0,0.0,0.0,0.0,,,0.0,0.0,0.0,0.0,0.0,0.0,0.0,0.0,0.0,0.0,0.0,0.0,0.0,0.0,0.0,0.0,0.0,0.0,0.0,0.0,0.0,0.0,0.0,0.0,0.0,0.0,0.0,0.0,,0.0,0.0,0.0,0.0,0.0,0.0,0.0,0.0,0.0,0.0,0.0,0.0,0.0,0.0,0.0,0.0,0.0,0.0,0.0,0.0,0.0,0.0,0.0,0.0
01:30,0.0,0.0,0.0,0.0,0.0,0.0,0.0,0.0,0.0,0.0,0.0,0.0,0.0,0.0,0.0,0.0,0.0,0.0,0.0,0.0,0.0,0.0,0.0,0.0,0.0,0.0,0.0,0.0,0.0,0.0,0.0,0.0,0.0,0.0,0.0,0.0,0.0,0.0,0.0,0.0,0.0,0.0,0.0,0.0,0.0,0.0,0.0,0.0,0.0,0.0,0.0,0.0,0.0,0.0,0.0,0.0,0.0,0.0,0.0,0.0,0.0,0.0,0.0,0.0,0.0,0.0,0.0,0.0,0.0,0.0,0.0,0.0,0.0,0.0,0.0,0.0,0.0,0.0,0.0,0.0,0.0,0.0,0.0,,0.0,0.0,0.0,0.0,0.0,0.0,0.0,0.0,0.0,0.0,0.0,0.0,-1.7696666666666667,-1.8316666666666668,-1.8426666666666667,-1.7730000000000001,-1.7773333333333334,-1.776,-1.7803333333333335,-1.7793333333333334,-1.8296666666666668,-1.7863333333333336,-1.7813333333333334,-1.7823333333333333,-1.782,-1.7686666666666668,-1.7813333333333334,-1.8076666666666668,-1.7813333333333334,-1.848,-1.8406666666666667,-1.732,-1.7756666666666667,-1.7726666666666666,-1.7726666666666666,-1.7723333333333333,-1.799,-1.7873333333333334,-1.7830000000000001,-1.7950000000000002,-1.8383333333333334,-1.7803333333333335,-1.7783333333333333,-1.772,-1.7833333333333334,-1.7746666666666668,-1.8426666666666667,-0.18166666666666667,-1.784,-1.7966666666666666,-1.7856666666666667,-1.79,-1.7843333333333333,-1.844,-1.7776666666666665,-1.7853333333333334,-1.7776666666666665,-1.7816666666666667,-1.7883333333333333,-1.774,-1.778,,,-1.8483333333333334,-1.7936666666666667,-1.8270000000000002,-1.782,-1.7806666666666666,-1.7726666666666666,-1.8383333333333334,-1.78,-1.7706666666666668,-1.7710000000000001,-1.778,-1.7713333333333334,-1.7786666666666666,-1.7686666666666668,-1.7726666666666666,-1.7753333333333334,-1.838,-1.7733333333333334,-1.7660000000000002,-1.7833333333333334,-1.8476666666666666,-1.7873333333333334,-1.7866666666666666,-1.7830000000000001,-1.7876666666666667,-1.7800000000000002,-1.7950000000000002,-1.7796666666666667,,-1.8443333333333336,-1.7793333333333334,-1.7803333333333335,-1.8426666666666667,-1.784,-1.7863333333333336,-1.7763333333333333,-1.7783333333333333,-1.778,-1.8453333333333333,-1.7313333333333334,-1.7843333333333333,-1.7853333333333334,-1.8453333333333333,0.0,0.0,0.0,0.0,0.0,0.0,0.0,0.0,0.0,0.0
02:00,0.0,0.0,0.0,0.0,0.0,0.0,0.0,0.0,0.0,0.0,0.0,0.0,0.0,0.0,0.0,0.0,0.0,0.0,0.0,0.0,0.0,0.0,0.0,0.0,0.0,0.0,0.0,0.0,0.0,0.0,0.0,0.0,0.0,0.0,0.0,0.0,0.0,0.0,0.0,0.0,0.0,0.0,0.0,0.0,0.0,0.0,0.0,0.0,0.0,0.0,0.0,0.0,0.0,0.0,0.0,0.0,0.0,0.0,0.0,0.0,0.0,0.0,0.0,0.0,0.0,0.0,0.0,0.0,0.0,0.0,0.0,0.0,0.0,0.0,0.0,0.0,0.0,0.0,0.0,0.0,0.0,0.0,0.0,,0.0,0.0,0.0,0.0,0.0,0.0,0.0,0.0,0.0,0.0,0.0,0.0,-1.3446666666666667,-1.6473333333333333,-1.6506666666666667,-1.3883333333333332,-0.7200000000000001,-1.278,-1.217,-1.3936666666666668,-1.3359999999999999,-0.978,-1.215,-0.9770000000000001,-1.1006666666666667,-1.649,-1.5916666666666666,-1.5916666666666666,-1.406,-1.5913333333333335,-0.8566666666666668,-1.345,-1.0946666666666667,-1.2173333333333334,-1.4623333333333335,-1.5806666666666667,-1.2176666666666667,-1.6540000000000001,-1.345,-1.7160000000000002,-1.333,-1.1,-1.087,-1.5816666666666668,-1.7166666666666666,-1.4676666666666667,-1.588,0.0,-1.1640000000000001,-1.3470000000000002,-1.6540000000000001,-1.7803333333333335,-1.5923333333333334,-1.5293333333333334,-1.3993333333333335,-1.7166666666666666,-1.5943333333333336,-1.6523333333333334,-1.5306666666666666,-1.774,-1.7803333333333335,,,-1.5266666666666668,-1.1633333333333333,-1.653,-0.9680000000000001,-0.9760000000000001,-1.3276666666666666,-1.4543333333333335,-1.587,-1.5723333333333334,-1.5770000000000002,-0.6013333333333333,-1.344,-0.5413333333333334,-1.6426666666666667,-1.5883333333333334,-1.4553333333333334,-1.7046666666666668,-1.762,-1.5803333333333334,-1.6550000000000002,-1.5296666666666667,-1.469,-1.2246666666666668,-1.6536666666666666,0.006666666666666667,-0.7346666666666668,-1.5916666666666666,-1.5926666666666667,,-1.653,-1.7176666666666667,-1.2226666666666666,-1.653,-1.842,-1.6546666666666667,-1.7800000000000002,-1.717,-1.7710000000000001,-0.8526666666666667,-1.6553333333333335,-1.8453333333333333,-1.8406666666666667,-1.8406666666666667,0.0,0.0,0.0,0.0,0.0,0.0,0.0,0.0,0.0,0.0
02:30,,0.0,0.0,0.0,0.0,0.0,0.0,0.0,0.0,0.0,0.0,0.0,0.0,0.0,0.0,0.0,0.0,0.0,0.0,0.0,0.0,0.0,0.0,0.0,0.0,0.0,0.0,0.0,0.0,0.0,0.0,0.0,0.0,0.0,0.0,0.0,0.0,0.0,0.0,0.0,0.0,0.0,0.0,0.0,0.0,0.0,0.0,0.0,0.0,0.0,0.0,0.0,0.0,0.0,0.0,0.0,0.0,0.0,0.0,0.0,0.0,0.0,0.0,0.0,0.0,0.0,0.0,0.0,0.0,0.0,0.0,0.0,0.0,0.0,0.0,0.0,0.0,0.0,0.0,0.0,0.0,0.0,0.0,,0.0,0.0,0.0,0.0,0.0,0.0,0.0,0.0,0.0,0.0,0.0,0.0,0.0,0.0026666666666666666,0.0026666666666666666,0.0,0.0,0.0,0.0,0.0,0.0,0.0,0.0,0.0,0.0,0.0026666666666666666,0.0013333333333333333,0.0013333333333333333,0.0,0.0013333333333333333,0.0,0.0,0.0,0.0,0.0,0.0013333333333333333,0.0,0.0026666666666666666,0.0,0.004,0.0,0.0,0.0,0.0013333333333333333,0.004,0.0,0.0013333333333333333,0.0,0.0,0.0,0.0026666666666666666,0.005333333333333333,0.0013333333333333333,0.0,0.0,0.004,0.0013333333333333333,0.0026666666666666666,0.0,0.005333333333333333,0.005333333333333333,,,0.0,0.0,0.0026666666666666666,0.0,0.0,0.0,0.0,0.0013333333333333333,0.0013333333333333333,0.0013333333333333333,0.0,0.0,0.0,0.0026666666666666666,0.0013333333333333333,0.0,0.007333333333333333,0.006666666666666667,0.0013333333333333333,0.0026666666666666666,0.0,0.0,0.0,0.0026666666666666666,0.0,0.0,0.0013333333333333333,0.0013333333333333333,,0.0026666666666666666,0.004,0.0,0.0026666666666666666,-0.05533333333333334,0.0026666666666666666,0.005333333333333333,0.004,0.009333333333333334,0.0,0.0026666666666666666,-0.11733333333333333,-0.05533333333333334,-0.11733333333333333,0.0,0.0,0.0,0.0,0.0,0.0,0.0,0.0,0.0,0.0
03:00,,0.0,0.0,0.0,0.0,0.0,0.0,0.0,0.0,0.0,0.0,0.0,0.0,0.0,0.0,0.0,0.0,0.0,0.0,0.0,0.0,0.0,0.0,0.0,0.0,0.0,0.0,0.0,0.0,0.0,0.0,0.0,0.0,0.0,0.0,0.0,0.0,0.0,0.0,0.0,0.0,0.0,0.0,0.0,0.0,0.0,0.0,0.0,0.0,0.0,0.0,0.0,0.0,0.0,0.0,0.0,0.0,0.0,0.0,0.0,0.0,0.0,0.0,0.0,0.0,0.0,0.0,0.0,0.0,0.0,0.0,0.0,0.0,0.0,0.0,0.0,0.0,0.0,0.0,0.0,0.0,0.0,0.0,,0.0,0.0,0.0,0.0,0.0,0.0,0.0,0.0,0.0,0.0,0.0,0.0,0.0,0.0,0.0,0.0,0.0,0.0,0.0,0.0,0.0,0.0,0.0,0.0,0.0,0.0,0.0,0.0,0.0,0.0,0.0,0.0,0.0,0.0,0.0,0.0,0.0,0.0,0.0,0.0,0.0,0.0,0.0,0.0,0.0,0.0,0.0,0.0,0.0,0.0,0.0,0.0,0.0,0.0,0.0,0.0,0.0,0.0,0.0,0.0,0.0,,,0.0,0.0,0.0,0.0,0.0,0.0,0.0,0.0,0.0,0.0,0.0,0.0,0.0,0.0,0.0,0.0,0.0,0.0,0.0,0.0,0.0,0.0,0.0,0.0,0.0,0.0,0.0,0.0,,0.0,0.0,0.0,0.0,0.0,0.0,0.0,0.0,0.0,0.0,0.0,0.0,0.0,0.0,0.0,0.0,0.0,0.0,0.0,0.0,0.0,0.0,0.0,0.0
03:30,,0.0,0.0,0.0,0.0,0.0,0.0,0.0,0.0,0.0,0.0,0.0,0.0,0.0,0.0,0.0,0.0,0.0,0.0,0.0,0.0,0.0,0.0,0.0,0.0,0.0,0.0,0.0,0.0,0.0,0.0,0.0,0.0,0.0,0.0,0.0,0.0,0.0,0.0,0.0,0.0,0.0,0.0,0.0,0.0,0.0,0.0,0.0,0.0,0.0,0.0,0.0,0.0,0.0,0.0,0.0,0.0,0.0,0.0,0.0,0.0,0.0,0.0,0.0,0.0,0.0,0.0,0.0,0.0,0.0,0.0,0.0,0.0,0.0,0.0,0.0,0.0,0.0,0.0,0.0,0.0,0.0,0.0,,0.0,0.0,0.0,0.0,0.0,0.0,0.0,0.0,0.0,0.0,0.0,0.0,0.0,0.0,0.0,0.0,0.0,0.0,0.0,0.0,0.0,0.0,0.0,0.0,0.0,0.0,0.0,0.0,0.0,0.0,0.0,0.0,0.0,0.0,0.0,0.0,0.0,0.0,0.0,0.0,0.0,0.0,0.0,0.0,0.0,0.0,0.0,0.0,0.0,0.0,0.0,0.0,0.0,0.0,0.0,0.0,0.0,0.0,0.0,0.0,0.0,,,0.0,0.0,0.0,0.0,0.0,0.0,0.0,0.0,0.0,0.0,0.0,0.0,0.0,0.0,0.0,0.0,0.0,0.0,0.0,0.0,0.0,0.0,0.0,0.0,0.0,0.0,0.0,0.0,,0.0,0.0,0.0,0.0,0.0,0.0,0.0,0.0,0.0,0.0,0.0,0.0,0.0,0.0,0.0,0.0,0.0,0.0,0.0,0.0,0.0,0.0,0.0,0.0
04:00,,0.0,0.0,0.0,0.0,0.0,0.0,0.0,0.0,0.0,0.0,0.0,0.0,0.0,0.0,0.0,0.0,0.0,0.0,0.0,0.0,0.0,0.0,0.0,0.0,0.0,0.0,0.0,0.0,0.0,0.0,0.0,0.0,0.0,0.0,0.0,0.0,0.0,0.0,0.0,0.0,0.0,0.0,0.0,0.0,0.0,0.0,0.0,0.0,0.0,0.0,0.0,0.0,0.0,0.0,0.0,0.0,0.0,0.0,0.0,0.0,0.0,0.0,0.0,0.0,0.0,0.0,0.0,0.0,0.0,0.0,0.0,0.0,0.0,0.0,0.0,0.0,0.0,0.0,0.0,0.0,0.0,0.0,,0.0,0.0,0.0,0.0,0.0,0.0,0.0,0.0,0.0,0.0,0.0,0.0,0.0,0.0,0.0,0.0,0.0,0.0,0.0,0.0,0.0,0.0,0.0,0.0,0.0,0.0,0.0,0.0,0.0,0.0,0.0,0.0,0.0,0.0,0.0,0.0,0.0,0.0,0.0,0.0,0.0,0.0,0.0,0.0,0.0,0.0,0.0,0.0,0.0,0.0,0.0,0.0,0.0,0.0,0.0,0.0,0.0,0.0,0.0,0.0,0.0,,,0.0,0.0,0.0,0.0,0.0,0.0,0.0,0.0,0.0,0.0,0.0,0.0,0.0,0.0,0.0,0.0,0.0,0.0,0.0,0.0,0.0,0.0,0.0,0.0,0.0,0.0,0.0,0.0,,0.0,0.0,0.0,0.0,0.0,0.0,0.0,0.0,0.0,0.0,0.0,0.0,0.0,0.0,0.0,0.0,0.0,0.0,0.0,0.0,0.0,0.0,0.0,0.0
04:30,,0.0,0.0,0.0,0.0,0.0,0.0,0.0,0.0,0.0,0.0,0.0,0.0,0.0,0.0,0.0,0.0,0.0,0.0,0.0,0.0,0.0,0.0,0.0,0.0,0.0,0.0,0.0,0.0,0.0,0.0,0.0,0.0,0.0,0.0,0.0,0.0,0.0,0.0,0.0,0.0,0.0,0.0,0.0,0.0,0.0,0.011000000000000001,0.0,0.0,0.0,0.022000000000000002,0.0,0.007333333333333333,0.007333333333333333,0.0,0.0,0.0,0.011666666666666667,0.016333333333333335,0.0,0.025666666666666667,0.0,0.0,0.007333333333333333,0.050666666666666665,0.0,0.029333333333333333,0.0,0.0,0.0,0.05,0.014666666666666666,0.04033333333333333,0.06233333333333334,0.04766666666666666,0.011666666666666667,0.023333333333333334,0.03966666666666667,0.016333333333333335,0.0,0.03966666666666667,0.03966666666666667,0.014000000000000002,,0.035,0.025666666666666667,0.030333333333333337,0.0,0.011666666666666667,0.01,0.0,0.009000000000000001,0.0,0.0,0.012666666666666666,0.021000000000000005,0.02266666666666667,0.016,0.010666666666666666,0.004,0.0,0.0,0.0,0.0,0.013333333333333334,-0.0013333333333333333,0.0,0.0006666666666666666,0.0,0.0,0.0,0.0,0.0,0.0,0.0,0.0,0.0006666666666666666,0.0013333333333333333,0.0,0.0,0.0,0.0013333333333333333,0.0,0.0,0.0,0.0,0.0,0.0,0.0,0.0,0.0,0.0,0.0,0.0,0.0,0.0,0.0,0.0,0.0,0.0,0.0,0.0,0.0,0.0,0.0,,,0.0,0.0,0.0,0.0,0.0,0.0,0.0,0.0,0.0,0.0,0.0,0.0,0.0,0.0,0.0,0.0,0.0,0.0,0.0,0.0,0.0,0.0,0.0,0.0,0.0,0.0,0.0,0.0,,0.0,0.0,0.0,0.0,0.0,0.0,0.0,0.0,0.0,0.0,0.0,0.0,0.0,0.0,0.0,0.0,0.0,0.0,0.0,0.0,0.0,0.0,0.0,0.0
05:00,,0.0,0.0,0.0,0.0,0.0,0.0,0.0,0.0,0.0,0.0,0.0,0.0,0.0,0.0,0.0,0.0,0.0,0.0,0.0,0.0,0.0,0.0,0.0,0.029999999999999995,0.0,0.0,0.0,0.025666666666666667,0.051666666666666666,0.0,0.008,0.0,0.058666666666666666,0.066,0.0,0.04033333333333333,0.03666666666666667,0.14,0.08800000000000001,0.06966666666666667,0.029333333333333333,0.09533333333333333,0.058666666666666666,0.0,0.11,0.11133333333333333,0.03666666666666667,0.099,0.014666666666666666,0.11,0.10633333333333334,0.10600000000000001,0.07433333333333333,0.011666666666666667,0.05266666666666667,0.023333333333333334,0.07,0.07,0.060666666666666674,0.07,0.06233333333333334,0.011000000000000001,0.10266666666666667,0.11,0.10166666666666666,0.11,0.08166666666666668,0.08800000000000001,0.058666666666666666,0.11,0.11,0.11,0.11,0.10633333333333334,0.07133333333333333,0.07,0.07,0.07,0.04900000000000001,0.07,0.07,0.07,,0.07,0.07,0.07,0.04900000000000001,0.07,0.038000000000000006,0.029333333333333333,0.05733333333333334,0.06333333333333334,0.05700000000000001,0.03266666666666666,0.07,0.04,0.04,0.04,0.035333333333333335,0.029333333333333333,0.03333333333333333,0.027333333333333334,0.035333333333333335,0.04466666666666667,0.042666666666666665,0.038000000000000006,0.05,0.022000000000000002,0.010666666666666666,0.036000000000000004,0.037333333333333336,0.02266666666666667,0.021333333333333333,0.03333333333333333,0.010666666666666666,0.017333333333333333,0.037333333333333336,0.018000000000000002,0.024,0.029333333333333333,0.04,0.028,0.032,0.02266666666666667,0.021333333333333333,0.02666666666666667,0.02666666666666667,0.01,0.018000000000000002,0.009333333333333334,0.008,0.02,0.012,0.0013333333333333333,0.0013333333333333333,0.0,0.008666666666666666,0.016,0.0,0.0,0.0,0.021333333333333333,0.0006666666666666666,0.0,,,0.0,0.0,-0.008333333333333333,0.0,0.0,0.0,0.0,0.0,0.0,0.0,0.0,0.0,0.0,0.0,0.0,0.0,0.0,0.0,0.0,0.0,0.0,0.0,0.0,0.0,0.0,0.0,0.0,0.0,,0.0,0.0,0.0,0.0,0.0,0.0,0.0,0.0,0.0,0.0,0.0,0.0,0.0,0.0,0.0,0.0,0.0,0.0,0.0,0.0,0.0,0.0,0.0,0.0
05:30,,0.0,0.0,0.0033333333333333335,0.0,0.0,0.0,0.036000000000000004,0.004,0.0,0.0,0.052000000000000005,0.076,0.008,0.04,0.08,0.08,0.088,0.064,0.0,0.008,0.0,0.116,0.112,0.14400000000000002,0.08066666666666666,0.09966666666666667,0.06233333333333334,0.11,0.13166666666666665,0.03666666666666667,0.11,0.08433333333333333,0.11,0.10633333333333334,0.11,0.10633333333333334,0.11,0.145,0.11,0.10633333333333334,0.11,0.10633333333333334,0.11,0.022000000000000002,0.11,0.10633333333333334,0.11,0.11,0.11,0.105,0.10866666666666668,0.07633333333333334,0.06766666666666668,0.07,0.07,0.07,0.06766666666666668,0.06666666666666667,0.07,0.06766666666666668,0.11,0.11,0.08633333333333333,0.08133333333333333,0.08266666666666667,0.10866666666666668,0.08666666666666667,0.10466666666666667,0.11,0.10633333333333334,0.10866666666666668,0.10633333333333334,0.11,0.10633333333333334,0.06666666666666667,0.06666666666666667,0.06766666666666668,0.06766666666666668,0.07,0.06666666666666667,0.06666666666666667,0.07,,0.06766666666666668,0.06866666666666667,0.064,0.05,0.07,0.050666666666666665,0.06133333333333334,0.05433333333333334,0.06266666666666668,0.04133333333333333,0.06566666666666668,0.06266666666666668,0.036000000000000004,0.037333333333333336,0.037333333333333336,0.037333333333333336,0.037333333333333336,0.03933333333333333,0.042666666666666665,0.04066666666666666,0.04666666666666667,0.036000000000000004,0.038000000000000006,0.04,0.06266666666666668,0.03666666666666667,0.04,0.04,0.04,0.04,0.04,0.036000000000000004,0.034666666666666665,0.035333333333333335,0.04,0.03933333333333333,0.028666666666666667,0.04,0.037333333333333336,0.036000000000000004,0.03933333333333333,0.03866666666666666,0.037333333333333336,0.042,0.04533333333333334,0.042666666666666665,0.07333333333333333,0.04466666666666667,0.04133333333333333,0.04,0.04,0.04,0.0,0.028666666666666667,0.03866666666666666,0.0,0.002,0.0,0.03666666666666667,0.018666666666666668,0.02,,,0.034666666666666665,0.03333333333333333,0.034666666666666665,0.029333333333333333,0.028,0.04,0.03666666666666667,0.0,0.013333333333333334,0.008,0.01933333333333333,0.011333333333333334,0.018000000000000002,0.012,0.008,0.02266666666666667,0.0,0.016,0.0,0.028,0.02666666666666667,0.0,0.0,0.0,0.0,0.004,0.0,0.021333333333333333,,0.016,0.024,0.009333333333333334,0.009333333333333334,0.0,0.0,0.012,0.0026666666666666666,0.0,0.0026666666666666666,0.004,0.0,0.008,0.0,0.004666666666666667,0.0,0.0,0.0,0.0,0.0,0.0,0.0,0.0,0.0
06:00,,0.145,0.08666666666666667,0.098,0.018666666666666668,0.06733333333333333,0.112,0.116,0.11999999999999998,0.07200000000000001,0.088,0.11999999999999998,0.116,0.11999999999999998,0.116,0.10933333333333332,0.116,0.11066666666666666,0.11999999999999998,0.044,0.11999999999999998,0.1,0.11533333333333333,0.11999999999999998,0.12233333333333334,0.11,0.10633333333333334,0.11,0.10633333333333334,0.12933333333333333,0.11,0.10866666666666668,0.11,0.10633333333333334,0.10600000000000001,0.11,0.10466666666666667,0.11,0.136,0.10866666666666668,0.10633333333333334,0.11,0.08733333333333333,0.10633333333333334,0.11,0.11,0.11666666666666667,0.11,0.10633333333333334,0.11,0.08800000000000001,0.08433333333333334,0.06766666666666668,0.06466666666666668,0.06666666666666667,0.06766666666666668,0.07,0.07,0.036333333333333336,0.06666666666666667,0.059666666666666666,0.10566666666666666,0.10666666666666667,0.06966666666666668,0.06866666666666667,0.07633333333333334,0.098,0.07733333333333334,0.08233333333333334,0.11,0.11800000000000001,0.08,0.07533333333333334,0.10400000000000001,0.09133333333333334,0.06233333333333334,0.06866666666666667,0.05333333333333334,0.07,0.07,0.06766666666666668,0.04966666666666667,0.07,,0.051000000000000004,0.06166666666666667,0.051000000000000004,0.05466666666666667,0.06766666666666668,0.03833333333333334,0.053000000000000005,0.050666666666666665,0.04733333333333334,0.052000000000000005,0.05466666666666667,0.04933333333333333,0.021333333333333333,0.032,0.03866666666666666,0.036000000000000004,0.034666666666666665,0.034666666666666665,0.027333333333333334,0.04933333333333333,0.036000000000000004,0.04066666666666666,0.021333333333333333,0.056666666666666664,0.04666666666666667,0.04,0.04,0.02,0.04,0.037333333333333336,0.034666666666666665,0.03066666666666667,0.04,0.028,0.025333333333333333,0.036000000000000004,0.02666666666666667,0.037333333333333336,0.037333333333333336,0.034666666666666665,0.03666666666666667,0.035333333333333335,0.036000000000000004,0.04,0.04533333333333334,0.06466666666666666,0.04,0.048,0.03333333333333333,0.036000000000000004,0.03866666666666666,0.03866666666666666,0.036000000000000004,0.036000000000000004,0.03066666666666667,0.03866666666666666,0.03666666666666667,0.016,0.036000000000000004,0.03066666666666667,0.032,,,0.037333333333333336,0.043333333333333335,0.03066666666666667,0.03866666666666666,0.037333333333333336,0.03866666666666666,0.03866666666666666,0.037333333333333336,0.04,0.04,0.037333333333333336,0.04,0.04,0.037333333333333336,0.037333333333333336,0.04,0.0,0.04066666666666666,0.028,0.037333333333333336,0.037333333333333336,0.012,0.023333333333333334,0.036000000000000004,0.0,0.04,0.0013333333333333333,0.037333333333333336,,0.036000000000000004,0.04,0.04,0.04,0.013333333333333334,0.04,0.03866666666666666,0.037333333333333336,0.037333333333333336,0.04,0.04,0.034666666666666665,0.037333333333333336,0.010666666666666666,0.07,0.009333333333333334,0.06766666666666668,0.06766666666666668,0.063,0.03266666666666667,0.018666666666666668,0.028000000000000004,0.03266666666666667,0.03966666666666667
06:30,,0.148,0.08333333333333333,0.09733333333333333,0.08,0.08266666666666667,0.11999999999999998,0.12933333333333333,0.11999999999999998,0.11999999999999998,0.116,0.14866666666666667,0.13466666666666666,0.116,0.116,0.10666666666666666,0.13133333333333333,0.09866666666666667,0.10600000000000001,0.11999999999999998,0.11999999999999998,0.11733333333333333,0.092,0.116,0.13666666666666666,0.10633333333333334,0.11866666666666667,0.10633333333333334,0.11933333333333333,0.14466666666666667,0.11,0.11,0.11,0.10466666666666667,0.10333333333333333,0.10633333333333334,0.09466666666666666,0.11,0.14,0.098,0.109,0.11,0.08666666666666667,0.10633333333333334,0.11,0.11866666666666667,0.12133333333333333,0.10633333333333334,0.09766666666666667,0.10933333333333332,0.082,0.05666666666666667,0.07,0.07,0.06766666666666668,0.05,0.07,0.07,0.04133333333333333,0.07,0.06866666666666667,0.10733333333333334,0.07733333333333334,0.069,0.05666666666666667,0.06733333333333333,0.09266666666666667,0.06966666666666668,0.08066666666666666,0.10733333333333334,0.126,0.07933333333333334,0.07333333333333333,0.11266666666666666,0.08333333333333333,0.05366666666666667,0.06066666666666667,0.05733333333333334,0.06866666666666667,0.06766666666666668,0.04566666666666667,0.062000000000000006,0.06666666666666667,,0.04833333333333334,0.027333333333333334,0.058,0.05733333333333334,0.02366666666666667,0.04033333333333333,0.044000000000000004,0.060000000000000005,0.037333333333333336,0.04800000000000001,0.035333333333333335,0.071,0.03866666666666666,0.037333333333333336,0.021333333333333333,0.034666666666666665,0.032,0.029333333333333333,0.04133333333333333,0.051333333333333335,0.059333333333333335,0.022000000000000002,0.016,0.037333333333333336,0.056666666666666664,0.037333333333333336,0.037333333333333336,0.02333333333333333,0.036000000000000004,0.028,0.03866666666666666,0.030000000000000002,0.035333333333333335,0.04066666666666666,0.032,0.030000000000000002,0.04,0.02666666666666667,0.024,0.034666666666666665,0.028,0.032,0.04933333333333333,0.028,0.05466666666666667,0.052000000000000005,0.06866666666666667,0.04666666666666667,0.024666666666666667,0.04066666666666666,0.014666666666666666,0.04,0.037333333333333336,0.018666666666666668,0.02,0.03666666666666667,0.034666666666666665,0.03666666666666667,0.010666666666666666,0.02266666666666667,0.028666666666666667,,,0.035333333333333335,0.03066666666666667,0.029333333333333333,0.02,0.016666666666666666,0.02666666666666667,0.024,0.042666666666666665,0.03866666666666666,0.028666666666666667,0.024,0.026000000000000002,0.029333333333333333,0.04,0.03866666666666666,0.024666666666666667,0.0013333333333333333,0.037333333333333336,0.042,0.02266666666666667,0.020666666666666667,0.026000000000000002,0.037333333333333336,0.04,0.034666666666666665,0.04,0.04,0.009333333333333334,,0.02266666666666667,0.017333333333333333,0.04,0.02666666666666667,0.04,0.016,0.028,0.03866666666666666,0.03866666666666666,0.02666666666666667,0.025333333333333333,0.04,0.032,0.04,0.042333333333333334,0.07,0.04666666666666667,0.05566666666666667,0.06633333333333334,0.07,0.07,0.06766666666666668,0.06766666666666668,0.06766666666666668
07:00,,0.15666666666666668,0.082,0.09133333333333332,0.07733333333333332,0.09066666666666667,0.128,0.15733333333333333,0.116,0.11999999999999998,0.11999999999999998,0.184,0.17833333333333332,0.13066666666666665,0.11733333333333333,0.10666666666666667,0.11333333333333333,0.10266666666666667,0.096,0.11999999999999998,0.11866666666666667,0.09733333333333333,0.08466666666666667,0.13066666666666665,0.17266666666666666,0.10733333333333334,0.11,0.10866666666666668,0.162,0.16999999999999998,0.11,0.10933333333333332,0.10633333333333334,0.142,0.13799999999999998,0.09933333333333333,0.081,0.10633333333333334,0.17866666666666667,0.09000000000000001,0.15866666666666665,0.10066666666666667,0.15466666666666665,0.11,0.11,0.15266666666666667,0.152,0.11,0.09833333333333334,0.09466666666666666,0.13733333333333334,0.13399999999999998,0.051666666666666666,0.13266666666666665,0.05733333333333334,0.079,0.06766666666666668,0.07,0.050666666666666665,0.05866666666666667,0.14066666666666666,0.09866666666666667,0.06866666666666667,0.05466666666666667,0.116,0.057666666666666665,0.13666666666666666,0.06666666666666667,0.06766666666666668,0.09666666666666666,0.154,0.06066666666666667,0.062000000000000006,0.14533333333333334,0.11866666666666667,0.11000000000000001,0.03266666666666666,0.11133333333333333,0.026000000000000002,0.06666666666666667,0.023000000000000003,0.11866666666666667,0.06766666666666668,,0.11333333333333333,0.079,0.12733333333333333,0.043666666666666666,0.03933333333333333,0.05600000000000001,0.04566666666666667,0.03933333333333334,0.05333333333333334,0.027333333333333334,0.093,0.08600000000000001,0.10933333333333334,0.092,0.044000000000000004,0.025333333333333333,0.11066666666666666,0.07333333333333333,0.06666666666666667,0.04733333333333333,0.06466666666666666,0.052000000000000005,0.07333333333333333,0.04733333333333333,0.04666666666666666,0.037333333333333336,0.025333333333333333,0.09466666666666666,0.03866666666666666,0.058666666666666666,0.02666666666666667,0.068,0.084,0.04666666666666666,0.08800000000000001,0.03866666666666666,0.08533333333333333,0.04933333333333333,0.06333333333333334,0.08133333333333333,0.08266666666666667,0.03933333333333333,0.06733333333333333,0.07600000000000001,0.04533333333333334,0.03866666666666666,0.032,0.04,0.054000000000000006,0.04133333333333333,0.03933333333333333,0.04,0.037333333333333336,0.024,0.08666666666666667,0.03333333333333333,0.0026666666666666666,0.03333333333333333,0.009333333333333334,0.02666666666666667,0.10333333333333333,,,0.058666666666666666,0.029333333333333333,0.05266666666666667,0.051333333333333335,0.04666666666666666,0.07200000000000001,0.06133333333333334,0.037333333333333336,0.03866666666666667,0.06066666666666667,0.05333333333333334,0.06533333333333333,0.06666666666666667,0.021333333333333333,0.035333333333333335,0.08066666666666666,0.04133333333333333,0.034666666666666665,0.04066666666666666,0.005333333333333333,0.08800000000000001,0.034666666666666665,0.02266666666666667,0.04,0.04,0.037333333333333336,0.04,0.02,,0.07333333333333333,0.07866666666666666,0.04,0.09333333333333332,0.04,0.02266666666666667,0.08266666666666667,0.028,0.034,0.034666666666666665,0.058,0.034666666666666665,0.06533333333333333,0.04,0.08733333333333333,0.07,0.09533333333333333,0.07666666666666667,0.03966666666666666,0.06766666666666668,0.06766666666666668,0.06533333333333334,0.07,0.05600000000000001
07:30,,0.13933333333333334,0.08133333333333333,0.08533333333333333,0.07866666666666666,0.08533333333333333,0.13733333333333334,0.18133333333333335,0.12733333333333333,0.11733333333333333,0.116,0.23933333333333331,0.217,0.12000000000000001,0.13533333333333333,0.13933333333333334,0.11466666666666667,0.11,0.08866666666666667,0.116,0.11666666666666667,0.08333333333333333,0.09000000000000001,0.19466666666666665,0.2,0.09733333333333333,0.132,0.06333333333333334,0.252,0.21933333333333332,0.11,0.09466666666666666,0.10733333333333334,0.214,0.20400000000000001,0.08133333333333333,0.06633333333333334,0.07733333333333334,0.21666666666666667,0.158,0.222,0.059333333333333335,0.22933333333333333,0.10633333333333334,0.10633333333333334,0.22733333333333333,0.18866666666666668,0.10733333333333334,0.18333333333333332,0.07433333333333333,0.20666666666666667,0.2,0.06533333333333333,0.16599999999999998,0.034333333333333334,0.146,0.045000000000000005,0.06766666666666668,0.15666666666666668,0.06466666666666668,0.21133333333333332,0.06433333333333334,0.05866666666666667,0.07533333333333334,0.12200000000000001,0.13933333333333334,0.2046666666666667,0.06666666666666667,0.06666666666666667,0.07800000000000001,0.21466666666666667,0.07400000000000001,0.05266666666666667,0.202,0.178,0.15133333333333335,0.062000000000000006,0.162,0.058333333333333334,0.06366666666666668,0.025666666666666667,0.18333333333333332,0.06766666666666668,,0.178,0.18866666666666668,0.17666666666666667,0.05800000000000001,0.05600000000000001,0.08333333333333333,0.07333333333333333,0.03666666666666667,0.044333333333333336,0.07133333333333333,0.11133333333333333,0.11000000000000001,0.17933333333333332,0.13,0.06666666666666667,0.04666666666666667,0.12266666666666667,0.108,0.08800000000000001,0.03066666666666667,0.08933333333333333,0.08533333333333333,0.07466666666666667,0.03066666666666667,0.051333333333333335,0.034666666666666665,0.02266666666666667,0.059333333333333335,0.02666666666666667,0.02266666666666667,0.04533333333333334,0.11933333333333333,0.10400000000000001,0.08266666666666667,0.13066666666666665,0.096,0.11066666666666666,0.084,0.09866666666666667,0.10533333333333333,0.11133333333333333,0.028000000000000004,0.06266666666666666,0.11266666666666666,0.027333333333333334,0.027333333333333334,0.08600000000000001,0.03866666666666666,0.08066666666666666,0.032,0.02666666666666667,0.04,0.02666666666666667,0.08933333333333333,0.11333333333333333,0.034,0.032,0.024666666666666667,0.08,0.02,0.02666666666666667,,,0.10866666666666666,0.032,0.08600000000000001,0.052000000000000005,0.05333333333333334,0.12266666666666666,0.096,0.04,0.04,0.11066666666666666,0.14466666666666667,0.10533333333333333,0.14266666666666666,0.035333333333333335,0.054000000000000006,0.112,0.043333333333333335,0.027333333333333334,0.03666666666666667,0.10266666666666667,0.15733333333333333,0.037333333333333336,0.037333333333333336,0.036000000000000004,0.04,0.036000000000000004,0.04,0.032,,0.14400000000000002,0.168,0.03866666666666666,0.17266666666666666,0.04,0.16166666666666668,0.16533333333333333,0.142,0.028,0.129,0.14066666666666666,0.11866666666666667,0.15200000000000002,0.03866666666666666,0.1753333333333333,0.07,0.114,0.156,0.034333333333333334,0.06866666666666667,0.060666666666666674,0.054000000000000006,0.04566666666666667,0.06766666666666668
08:00,,0.174,0.10333333333333333,0.06533333333333333,0.07466666666666667,0.07866666666666666,0.18766666666666668,0.24966666666666668,0.12533333333333332,0.116,0.116,0.20833333333333334,0.2866666666666667,0.11066666666666666,0.21633333333333335,0.15166666666666667,0.116,0.15233333333333335,0.08466666666666667,0.11133333333333333,0.11133333333333333,0.08266666666666667,0.08600000000000001,0.214,0.254,0.11933333333333333,0.186,0.04733333333333334,0.3026666666666667,0.302,0.10633333333333334,0.08866666666666667,0.096,0.24600000000000002,0.27799999999999997,0.04700000000000001,0.048666666666666664,0.062000000000000006,0.2986666666666667,0.24733333333333332,0.3093333333333333,0.20666666666666667,0.29266666666666663,0.11,0.11,0.31799999999999995,0.19933333333333333,0.10533333333333333,0.44433333333333336,0.09000000000000001,0.2773333333333333,0.24666666666666667,0.188,0.24666666666666667,0.028333333333333335,0.234,0.026333333333333334,0.07,0.22733333333333333,0.04766666666666667,0.26866666666666666,0.064,0.04133333333333333,0.10200000000000001,0.12733333333333333,0.08533333333333333,0.26466666666666666,0.066,0.06666666666666667,0.082,0.274,0.048666666666666664,0.08499999999999999,0.258,0.22733333333333333,0.24666666666666667,0.10333333333333333,0.23066666666666666,0.18333333333333332,0.036333333333333336,0.05466666666666667,0.25,0.06866666666666667,,0.15,0.268,0.22733333333333333,0.052000000000000005,0.13266666666666665,0.03066666666666667,0.10600000000000001,0.03866666666666667,0.03866666666666667,0.082,0.09400000000000001,0.12866666666666665,0.19933333333333333,0.17600000000000002,0.14,0.04733333333333333,0.18400000000000002,0.14333333333333334,0.14666666666666667,0.044000000000000004,0.14,0.10666666666666667,0.12133333333333333,0.05733333333333333,0.054000000000000006,0.03066666666666667,0.029333333333333333,0.156,0.006666666666666667,0.028000000000000004,0.13366666666666666,0.060000000000000005,0.19333333333333333,0.025333333333333333,0.16266666666666665,0.16133333333333333,0.142,0.116,0.13399999999999998,0.13066666666666665,0.14466666666666667,0.14400000000000002,0.052000000000000005,0.13866666666666666,0.044000000000000004,0.04533333333333334,0.04466666666666667,0.05733333333333333,0.11933333333333333,0.02666666666666667,0.07866666666666666,0.037333333333333336,0.02,0.178,0.17600000000000002,0.036000000000000004,0.036000000000000004,0.037333333333333336,0.156,0.07933333333333333,0.07833333333333334,,,0.13799999999999998,0.03266666666666666,0.07866666666666666,0.05466666666666666,0.07666666666666666,0.14333333333333334,0.13133333333333333,0.012666666666666666,0.048,0.15200000000000002,0.18533333333333335,0.10133333333333333,0.16066666666666668,0.03066666666666667,0.136,0.15333333333333332,0.037333333333333336,0.034,0.042666666666666665,0.08133333333333333,0.19266666666666668,0.03666666666666667,0.03866666666666666,0.016666666666666666,0.04,0.037333333333333336,0.037333333333333336,0.06166666666666667,,0.20400000000000001,0.13333333333333333,0.04,0.23600000000000002,0.036000000000000004,0.207,0.23633333333333334,0.17366666666666666,0.029333333333333333,0.126,0.20166666666666666,0.224,0.20966666666666667,0.029333333333333333,0.25266666666666665,0.06766666666666668,0.214,0.17133333333333337,0.03833333333333334,0.052000000000000005,0.12000000000000001,0.08633333333333335,0.023666666666666666,0.11666666666666667
08:30,,0.222,0.22699999999999998,0.08066666666666666,0.06466666666666666,0.07733333333333332,0.17766666666666667,0.37099999999999994,0.12133333333333333,0.11866666666666667,0.116,0.14266666666666666,0.37266666666666665,0.12000000000000001,0.21533333333333332,0.269,0.15533333333333335,0.13133333333333333,0.10666666666666667,0.09733333333333333,0.08133333333333333,0.082,0.08666666666666667,0.20466666666666666,0.3346666666666666,0.11800000000000001,0.29133333333333333,0.036000000000000004,0.38666666666666666,0.37066666666666664,0.07666666666666667,0.16,0.08733333333333333,0.3433333333333334,0.35,0.05666666666666667,0.12200000000000001,0.06133333333333334,0.3506666666666666,0.21933333333333332,0.40299999999999997,0.18066666666666667,0.37899999999999995,0.08466666666666667,0.10366666666666666,0.384,0.226,0.10466666666666667,0.29266666666666663,0.054000000000000006,0.3453333333333333,0.276,0.30866666666666664,0.3153333333333333,0.03233333333333333,0.226,0.035,0.07,0.28733333333333333,0.025666666666666667,0.3333333333333333,0.07066666666666667,0.03966666666666666,0.09400000000000001,0.136,0.15266666666666667,0.3426666666666666,0.035333333333333335,0.059666666666666666,0.06333333333333334,0.32866666666666666,0.08333333333333333,0.10400000000000001,0.3186666666666667,0.262,0.26066666666666666,0.13266666666666665,0.26066666666666666,0.24933333333333335,0.06666666666666667,0.07400000000000001,0.31333333333333335,0.06766666666666668,,0.24666666666666667,0.3106666666666667,0.25933333333333336,0.04700000000000001,0.186,0.059666666666666666,0.126,0.06933333333333333,0.03933333333333334,0.21666666666666667,0.12733333333333333,0.29333333333333333,0.22133333333333335,0.21733333333333335,0.2033333333333333,0.06533333333333333,0.15066666666666667,0.18266666666666667,0.10666666666666667,0.042666666666666665,0.18066666666666667,0.14666666666666667,0.15466666666666665,0.10800000000000001,0.051333333333333335,0.034666666666666665,0.03333333333333333,0.23133333333333334,0.020666666666666667,0.056,0.13633333333333333,0.222,0.128,0.03066666666666667,0.19200000000000003,0.19133333333333333,0.18266666666666667,0.15466666666666665,0.16666666666666666,0.15866666666666665,0.19733333333333333,0.192,0.11266666666666666,0.17666666666666667,0.19333333333333333,0.018666666666666668,0.037333333333333336,0.109,0.15466666666666665,0.017333333333333333,0.14133333333333334,0.044000000000000004,0.028,0.12266666666666667,0.18466666666666667,0.035333333333333335,0.048,0.02333333333333333,0.19133333333333333,0.13833333333333334,0.103,,,0.19466666666666665,0.23399999999999999,0.12933333333333333,0.17466666666666666,0.12000000000000001,0.18733333333333332,0.16933333333333334,0.03333333333333333,0.094,0.15333333333333332,0.251,0.12000000000000001,0.14933333333333335,0.034666666666666665,0.13866666666666666,0.18533333333333335,0.08066666666666666,0.034666666666666665,0.04133333333333333,0.07433333333333333,0.24400000000000002,0.036000000000000004,0.03866666666666666,0.04,0.037333333333333336,0.038000000000000006,0.037333333333333336,0.16233333333333333,,0.26066666666666666,0.13866666666666666,0.037333333333333336,0.2873333333333334,0.03866666666666666,0.29533333333333334,0.30100000000000005,0.22933333333333333,0.188,0.04,0.284,0.31366666666666665,0.297,0.046000000000000006,0.31666666666666665,0.065,0.3313333333333333,0.21266666666666667,0.06666666666666667,0.042,0.042333333333333334,0.06866666666666667,0.054000000000000006,0.14466666666666667
09:00,,0.2793333333333334,0.36000000000000004,0.09533333333333333,0.108,0.08533333333333333,0.369,0.486,0.092,0.11866666666666667,0.116,0.16633333333333333,0.44,0.15633333333333335,0.3313333333333333,0.33999999999999997,0.16766666666666669,0.11733333333333333,0.316,0.09733333333333333,0.08066666666666666,0.07866666666666666,0.10933333333333332,0.12733333333333333,0.38733333333333336,0.12733333333333333,0.364,0.05666666666666667,0.456,0.4186666666666667,0.053000000000000005,0.2843333333333333,0.07200000000000001,0.419,0.3973333333333333,0.09000000000000001,0.054000000000000006,0.09633333333333334,0.38999999999999996,0.24166666666666667,0.44433333333333336,0.12533333333333332,0.3953333333333333,0.08733333333333333,0.09133333333333334,0.434,0.24000000000000002,0.05800000000000001,0.39799999999999996,0.04,0.4043333333333334,0.35533333333333333,0.3686666666666667,0.272,0.014,0.2916666666666667,0.14833333333333334,0.07,0.22733333333333333,0.029666666666666668,0.368,0.04833333333333333,0.069,0.08800000000000001,0.262,0.2076666666666667,0.3763333333333333,0.022666666666666665,0.048666666666666664,0.08733333333333333,0.37899999999999995,0.07133333333333333,0.08733333333333333,0.39499999999999996,0.28,0.30666666666666664,0.10466666666666667,0.3046666666666667,0.292,0.04033333333333333,0.08933333333333333,0.3686666666666667,0.06766666666666668,,0.18400000000000002,0.33799999999999997,0.286,0.19933333333333333,0.31133333333333335,0.08266666666666667,0.13933333333333334,0.060333333333333336,0.03866666666666666,0.25266666666666665,0.174,0.16066666666666668,0.252,0.2613333333333333,0.11866666666666667,0.06266666666666668,0.218,0.21733333333333335,0.16666666666666666,0.04133333333333333,0.19133333333333333,0.18000000000000002,0.15533333333333335,0.14666666666666667,0.025333333333333333,0.034666666666666665,0.02266666666666667,0.15,0.019333333333333334,0.07333333333333333,0.10133333333333333,0.17666666666666667,0.18266666666666667,0.048666666666666664,0.228,0.224,0.20800000000000002,0.19466666666666665,0.20133333333333334,0.196,0.20666666666666667,0.16466666666666668,0.113,0.21133333333333332,0.18100000000000002,0.02,0.036000000000000004,0.056,0.2,0.024,0.192,0.04066666666666666,0.029333333333333333,0.02266666666666667,0.24933333333333335,0.042666666666666665,0.024,0.016666666666666666,0.24666666666666667,0.21366666666666667,0.15933333333333335,,,0.23133333333333334,0.1436666666666667,0.28300000000000003,0.16333333333333336,0.10666666666666667,0.21733333333333335,0.21266666666666667,0.04,0.198,0.1753333333333333,0.30133333333333334,0.10933333333333332,0.22166666666666668,0.017333333333333333,0.24933333333333335,0.24066666666666667,0.10733333333333334,0.04533333333333334,0.037333333333333336,0.22066666666666668,0.29000000000000004,0.029333333333333333,0.03866666666666666,0.136,0.029333333333333333,0.037333333333333336,0.04,0.021333333333333333,,0.29600000000000004,0.28633333333333333,0.04,0.3303333333333333,0.01933333333333333,0.328,0.341,0.10666666666666667,0.36000000000000004,0.034,0.33566666666666667,0.36433333333333334,0.336,0.028666666666666667,0.35533333333333333,0.045000000000000005,0.38333333333333336,0.2826666666666667,0.12233333333333334,0.08333333333333333,0.132,0.07633333333333334,0.08133333333333333,0.15266666666666667
09:30,,0.3426666666666666,0.43533333333333335,0.32399999999999995,0.076,0.07333333333333333,0.4676666666666666,0.525,0.09733333333333333,0.13133333333333333,0.11866666666666667,0.164,0.5046666666666667,0.2803333333333333,0.45099999999999996,0.39666666666666667,0.3476666666666667,0.09333333333333332,0.09533333333333333,0.08733333333333333,0.08533333333333333,0.07466666666666667,0.10933333333333334,0.12666666666666665,0.42533333333333334,0.12333333333333334,0.39166666666666666,0.059333333333333335,0.524,0.4666666666666667,0.07066666666666667,0.20900000000000002,0.10133333333333333,0.46199999999999997,0.45866666666666667,0.11933333333333333,0.28933333333333333,0.06133333333333334,0.47400000000000003,0.36533333333333334,0.52,0.11333333333333333,0.36733333333333335,0.07600000000000001,0.152,0.4886666666666667,0.26999999999999996,0.06733333333333333,0.35666666666666663,0.041,0.433,0.35233333333333333,0.3436666666666667,0.3416666666666667,0.029333333333333333,0.39133333333333337,0.289,0.06666666666666667,0.293,0.03266666666666666,0.38366666666666666,0.059666666666666666,0.14266666666666666,0.08133333333333333,0.2843333333333333,0.404,0.422,0.014333333333333333,0.03133333333333333,0.09933333333333333,0.39799999999999996,0.09200000000000001,0.10466666666666667,0.44466666666666665,0.39966666666666667,0.3703333333333333,0.18166666666666667,0.3736666666666667,0.21266666666666667,0.044000000000000004,0.10800000000000001,0.2836666666666667,0.06866666666666667,,0.20466666666666666,0.37066666666666664,0.3233333333333333,0.2983333333333333,0.32933333333333337,0.09266666666666667,0.27599999999999997,0.07266666666666667,0.08066666666666666,0.15733333333333333,0.14866666666666667,0.314,0.336,0.28400000000000003,0.09933333333333333,0.09066666666666667,0.2613333333333333,0.21866666666666665,0.24266666666666667,0.11066666666666666,0.19933333333333333,0.20133333333333334,0.044000000000000004,0.13333333333333333,0.027333333333333334,0.014666666666666666,0.012,0.26833333333333337,0.02266666666666667,0.068,0.23099999999999998,0.07733333333333332,0.2506666666666667,0.06933333333333333,0.2626666666666667,0.25933333333333336,0.24266666666666667,0.21866666666666668,0.2313333333333333,0.238,0.23066666666666666,0.25333333333333335,0.25166666666666665,0.238,0.17099999999999999,0.021333333333333333,0.03933333333333333,0.07466666666666667,0.2673333333333333,0.014666666666666666,0.18733333333333332,0.043333333333333335,0.042666666666666665,0.034666666666666665,0.3026666666666667,0.02,0.009333333333333334,0.02266666666666667,0.2956666666666667,0.181,0.21533333333333332,,,0.2753333333333333,0.05333333333333334,0.22866666666666668,0.247,0.22666666666666666,0.2506666666666667,0.252,0.02666666666666667,0.18933333333333333,0.21366666666666667,0.2826666666666667,0.07866666666666666,0.10133333333333333,0.029333333333333333,0.286,0.2613333333333333,0.24766666666666665,0.05733333333333333,0.042666666666666665,0.26466666666666666,0.31533333333333335,0.018000000000000002,0.032,0.1796666666666667,0.04,0.034666666666666665,0.018666666666666668,0.03133333333333334,,0.32,0.11633333333333333,0.036000000000000004,0.37066666666666664,0.024666666666666667,0.3486666666666666,0.3876666666666667,0.07333333333333333,0.20199999999999999,0.04933333333333333,0.35866666666666663,0.4083333333333333,0.36300000000000004,0.030000000000000002,0.38333333333333336,0.02666666666666667,0.4033333333333333,0.27899999999999997,0.24100000000000002,0.218,0.19533333333333333,0.07233333333333333,0.17066666666666666,0.22666666666666666
10:00,0.6171428571428571,0.33266666666666667,0.4936666666666667,0.4036666666666667,0.11133333333333333,0.08533333333333333,0.5376666666666666,0.33366666666666667,0.116,0.132,0.12066666666666667,0.11466666666666667,0.5403333333333333,0.262,0.5843333333333334,0.481,0.32066666666666666,0.08266666666666667,0.08866666666666667,0.33066666666666666,0.08800000000000001,0.094,0.11066666666666666,0.4313333333333333,0.468,0.16533333333333333,0.43066666666666664,0.06333333333333334,0.5803333333333334,0.5066666666666666,0.051333333333333335,0.21033333333333334,0.13133333333333333,0.5306666666666666,0.5013333333333334,0.17600000000000002,0.523,0.07600000000000001,0.5066666666666667,0.41466666666666663,0.507,0.21133333333333332,0.31133333333333335,0.06333333333333334,0.12000000000000001,0.535,0.33366666666666667,0.05366666666666667,0.17099999999999999,0.034333333333333334,0.4653333333333334,0.323,0.384,0.3526666666666667,0.030333333333333334,0.47600000000000003,0.48200000000000004,0.1,0.38466666666666666,0.05700000000000001,0.37266666666666665,0.045000000000000005,0.07571428571428572,0.09133333333333334,0.35366666666666663,0.42266666666666663,0.4733333333333334,0.02333333333333333,0.03066666666666667,0.09466666666666666,0.44666666666666666,0.06233333333333334,0.06533333333333334,0.49600000000000005,0.332,0.38999999999999996,0.30666666666666664,0.37266666666666665,0.30566666666666664,0.032,0.11266666666666666,0.31,0.05500000000000001,,0.3626666666666667,0.386,0.33,0.201,0.21733333333333332,0.07800000000000001,0.2966666666666667,0.3156666666666667,0.08766666666666666,0.2326666666666667,0.261,0.27799999999999997,0.356,0.31333333333333335,0.13266666666666665,0.112,0.2813333333333333,0.24600000000000002,0.276,0.22699999999999998,0.043333333333333335,0.20933333333333334,0.04933333333333333,0.13733333333333334,0.024,0.021333333333333333,0.017333333333333333,0.37733333333333335,0.06566666666666666,0.064,0.3016666666666667,0.12866666666666665,0.30133333333333334,0.12066666666666667,0.3066666666666667,0.272,0.268,0.264,0.24466666666666667,0.2546666666666667,0.274,0.19333333333333333,0.29933333333333334,0.26666666666666666,0.23099999999999998,0.03266666666666666,0.038000000000000006,0.12000000000000001,0.27066666666666667,0.01,0.18933333333333333,0.048,0.02,0.08,0.29600000000000004,0.021333333333333333,0.03066666666666667,0.02,0.358,0.18433333333333335,0.056,,,0.29333333333333333,0.034666666666666665,0.17200000000000001,0.2763333333333333,0.2706666666666667,0.29333333333333333,0.18133333333333335,0.042666666666666665,0.19766666666666666,0.17300000000000001,0.29133333333333333,0.15466666666666665,0.15466666666666665,0.024,0.3066666666666667,0.2826666666666667,0.3506666666666666,0.02266666666666667,0.04066666666666666,0.3106666666666667,0.3346666666666666,0.029333333333333333,0.08666666666666667,0.13733333333333334,0.04666666666666667,0.04,0.018666666666666668,0.11633333333333333,,0.3453333333333333,0.057666666666666665,0.04,0.404,0.014,0.13033333333333333,0.4313333333333333,0.044000000000000004,0.3636666666666667,0.024,0.388,0.43633333333333335,0.4066666666666667,0.05266666666666667,0.407,0.04733333333333334,0.4233333333333333,0.36033333333333334,0.15733333333333333,0.18000000000000002,0.21566666666666665,0.04733333333333334,0.423,0.335
10:30,0.535,-4.791666666666667,-3.2996666666666665,-3.1593333333333335,-2.4699999999999998,-3.0146666666666664,-3.7843333333333335,-3.8423333333333334,-1.8903333333333334,-1.4183333333333332,-1.406,-3.127333333333333,-3.7136666666666667,-3.0733333333333333,-3.8453333333333335,-3.382,-3.5060000000000002,-3.0766666666666667,-3.2093333333333334,-2.5193333333333334,-1.9103333333333334,-1.4613333333333332,-1.972,0.3313333333333333,0.49266666666666664,0.14,0.4666666666666667,0.07800000000000001,0.6033333333333333,0.5633333333333332,0.048666666666666664,0.07933333333333333,0.158,0.572,0.5426666666666667,0.17933333333333332,0.3406666666666667,0.13399999999999998,0.5333333333333333,0.44766666666666666,0.5716666666666667,0.31133333333333335,0.28,0.06066666666666667,0.15666666666666668,0.5606666666666666,0.38333333333333336,0.050333333333333334,0.09866666666666667,0.11866666666666667,0.5076666666666667,0.35533333333333333,0.365,0.33266666666666667,0.030000000000000002,0.49733333333333335,0.5,0.523,0.42933333333333334,0.062000000000000006,0.3513333333333334,0.03866666666666667,,0.21600000000000003,0.3466666666666667,0.37899999999999995,0.48466666666666663,0.028333333333333332,0.03833333333333333,0.264,0.48666666666666664,0.049666666666666665,0.14066666666666666,0.48800000000000004,0.4063333333333333,0.4186666666666667,0.22033333333333335,0.4153333333333334,0.3093333333333333,0.03166666666666666,0.14066666666666666,0.39499999999999996,0.028666666666666667,,0.373,0.389,0.34933333333333333,0.15666666666666668,0.3316666666666667,0.10933333333333332,0.2773333333333333,0.23733333333333334,0.06666666666666667,0.2786666666666667,0.20433333333333334,0.28500000000000003,-4.065333333333333,-3.9859999999999998,-3.642333333333333,-3.363,-3.8873333333333333,-3.847666666666667,-3.8003333333333336,-3.4183333333333334,-3.622,-3.8243333333333336,-3.445,-3.621,-2.4736666666666665,-2.295666666666667,-2.316666666666667,-3.8579999999999997,-2.3233333333333333,-3.2520000000000002,-3.5416666666666665,-3.5716666666666668,-3.722,-3.3613333333333335,-3.926333333333333,-3.795,-3.905333333333333,-3.8190000000000004,-3.8333333333333335,-3.9266666666666667,-3.933333333333333,-3.735,-3.6896666666666667,-3.932666666666667,-3.7016666666666667,-2.339,-3.2953333333333332,-3.442333333333333,-3.8026666666666666,-2.489,-3.142333333333333,-2.324,-1.9153333333333333,-3.448,-4.0040000000000004,-2.171,-2.1606666666666663,-2.155333333333333,-3.923,-2.639333333333333,-3.533333333333333,,,-3.890333333333333,-2.655666666666667,-3.8246666666666664,-3.640333333333333,-3.503333333333333,-3.8063333333333333,-2.955,-2.175,-3.432,-3.5866666666666664,-3.9016666666666664,-3.347666666666667,-3.197666666666667,-2.0883333333333334,-3.6823333333333332,-3.6213333333333333,-3.1293333333333333,-2.1473333333333335,-2.1446666666666667,-3.461,-3.8549999999999995,-3.1013333333333337,-2.3706666666666667,-3.280666666666667,-2.9733333333333336,-2.1096666666666666,-2.006,-3.1133333333333337,,-3.865666666666667,-3.4243333333333337,-2.1073333333333335,-3.9036666666666666,-1.986,-2.9709999999999996,-3.9016666666666664,-2.6133333333333337,-3.4633333333333334,-2.3103333333333333,-3.8066666666666666,-3.618666666666667,-3.8033333333333332,-3.0263333333333335,0.43466666666666665,0.041666666666666664,0.45066666666666666,0.42433333333333334,0.35333333333333333,0.162,0.07633333333333334,0.044000000000000004,0.433,0.187
11:00,0.38533333333333336,-3.923666666666667,-1.4786666666666666,-1.6373333333333333,-1.62,-1.4080000000000001,-1.824,-1.45,0.09933333333333333,0.116,0.11666666666666667,-1.6706666666666665,-1.5346666666666666,-1.7950000000000002,-1.8236666666666668,-1.605,-1.7446666666666668,-1.794,-1.8673333333333335,0.084,0.07866666666666666,0.068,0.13366666666666666,0.495,0.5233333333333333,0.16999999999999998,0.5006666666666667,0.08866666666666667,0.6333333333333333,0.3263333333333333,0.05,0.07133333333333333,0.246,0.612,0.33433333333333337,0.19,0.609,0.23866666666666667,0.574,0.14100000000000001,0.5700000000000001,0.23833333333333334,0.35633333333333334,0.06066666666666667,0.14866666666666667,0.09366666666666665,0.448,0.060000000000000005,0.04733333333333333,0.18866666666666668,0.5146666666666667,0.33866666666666667,0.39799999999999996,0.327,0.03266666666666666,0.518,0.537,0.5006666666666667,0.4473333333333333,0.059666666666666666,0.3393333333333333,0.037000000000000005,,0.214,0.3266666666666667,0.28833333333333333,0.449,0.044000000000000004,0.041,0.20266666666666666,0.489,0.09933333333333333,0.196,0.31,0.43,0.448,0.16933333333333334,0.42433333333333334,0.26333333333333336,0.03333333333333333,0.152,0.37899999999999995,0.025666666666666667,,0.303,0.43633333333333335,0.34700000000000003,0.23933333333333331,0.35500000000000004,0.07933333333333333,0.30366666666666664,0.10066666666666667,0.05600000000000001,0.196,0.21033333333333332,0.388,-1.6936666666666667,-1.7066666666666666,-1.7383333333333333,-1.774,-1.7329999999999999,-1.76,-1.8846666666666667,-1.7143333333333333,-1.892,-1.895,-1.6993333333333331,-1.8003333333333333,0.016,0.013333333333333334,0.032,-1.826,0.037333333333333336,-1.8273333333333333,-1.6616666666666666,-1.9356666666666666,-1.7286666666666666,-1.7343333333333333,-1.7950000000000002,-1.7356666666666667,0.08766666666666666,-1.7623333333333333,-1.7786666666666666,-1.7630000000000001,-1.7856666666666667,-1.8583333333333334,-0.8263333333333333,-1.761,-1.753,0.024,-1.9103333333333332,-1.7349999999999999,-1.5603333333333331,0.013333333333333334,0.03066666666666667,0.029333333333333333,0.20433333333333334,-1.6863333333333332,0.147,0.09066666666666666,0.07166666666666667,0.02266666666666667,-1.6876666666666666,0.251,-1.206,,,-1.6906666666666665,0.02266666666666667,-1.9056666666666666,-1.8433333333333333,-1.754,-1.7276666666666667,0.3253333333333333,0.02,-1.794,-1.6096666666666666,-1.9036666666666666,-1.9126666666666665,0.10933333333333332,0.022000000000000002,-1.7366666666666668,0.23966666666666664,-1.6916666666666667,0.026000000000000002,0.06466666666666666,-1.6700000000000002,-1.699,-0.9009999999999999,0.04466666666666667,-1.918,-1.7489999999999999,0.034666666666666665,0.010666666666666666,-1.6053333333333335,,-0.303,-0.939,0.034666666666666665,-1.6156666666666666,0.02266666666666667,0.042666666666666665,-1.6230000000000002,0.21633333333333335,-1.7966666666666666,0.026000000000000002,-1.6186666666666667,-1.5946666666666667,-1.6203333333333334,-1.7453333333333334,0.4453333333333333,0.05533333333333334,0.47,0.29100000000000004,0.4013333333333333,0.21633333333333335,0.18233333333333332,0.043333333333333335,0.43966666666666665,0.19833333333333333
11:30,0.31266666666666665,0.325,0.571,0.399,0.3363333333333333,0.07200000000000001,0.23066666666666666,0.2846666666666667,0.09333333333333332,0.10400000000000001,0.11266666666666666,0.13066666666666665,0.46266666666666667,0.12833333333333333,0.25266666666666665,0.39466666666666667,0.49566666666666664,0.07066666666666667,0.11333333333333333,0.11866666666666667,0.07600000000000001,0.07266666666666667,0.36933333333333335,0.6266666666666667,0.20800000000000002,0.257,0.49,0.10200000000000001,0.4873333333333333,0.0,0.07133333333333333,0.3,0.19333333333333333,0.5823333333333333,0.0,0.25233333333333335,0.641,0.5366666666666667,0.42999999999999994,0.15233333333333335,0.35033333333333333,0.34199999999999997,0.2946666666666667,0.06066666666666667,0.2783333333333333,0.0,0.43866666666666665,0.044000000000000004,0.04633333333333334,0.2366666666666667,0.534,0.2793333333333334,0.399,0.27466666666666667,0.05900000000000001,0.505,0.5203333333333334,0.16933333333333334,0.45,0.03266666666666667,0.34700000000000003,0.06933333333333333,,0.16466666666666666,0.3333333333333333,0.4713333333333333,0.0,0.05666666666666667,0.036000000000000004,0.284,0.35233333333333333,0.13266666666666665,0.16866666666666666,0.0,0.45566666666666666,0.295,0.36800000000000005,0.43633333333333335,0.4276666666666667,0.044333333333333336,0.13533333333333333,0.505,0.034,,0.2613333333333333,0.426,0.343,0.18033333333333335,0.36133333333333334,0.20400000000000001,0.31233333333333335,0.11133333333333333,0.054000000000000006,0.255,0.30733333333333335,0.30700000000000005,0.32266666666666666,0.25766666666666665,0.12166666666666666,0.13899999999999998,0.08433333333333334,0.23766666666666666,0.014000000000000004,0.25433333333333336,-0.02233333333333333,0.052333333333333336,0.012,0.018666666666666668,0.020666666666666667,0.02266666666666667,0.052000000000000005,0.022999999999999996,0.02666666666666667,-0.026,0.2796666666666667,0.036333333333333336,0.109,0.23633333333333334,0.03133333333333333,0.23500000000000001,0.29000000000000004,0.19633333333333333,0.17366666666666666,0.14,0.16866666666666666,0.02166666666666667,0.302,0.18566666666666667,0.239,0.07233333333333333,-0.007999999999999995,0.13166666666666668,0.32,0.020666666666666667,0.037,0.012,0.09566666666666666,0.27133333333333337,0.21033333333333332,0.119,0.093,0.04933333333333333,0.301,0.228,0.04533333333333334,,,0.23433333333333334,0.10166666666666666,0.20133333333333334,-0.014666666666666666,0.16999999999999998,0.205,0.3313333333333333,0.009333333333333334,0.08133333333333333,0.032,0.123,-0.058666666666666666,0.046000000000000006,0.013333333333333334,0.22233333333333333,0.313,0.308,0.025333333333333333,0.11133333333333333,0.2806666666666667,0.2516666666666667,0.09333333333333332,0.10066666666666667,-0.001999999999999997,0.15666666666666668,0.012,0.01,0.297,,0.18766666666666668,0.03866666666666666,0.03866666666666666,0.349,0.07333333333333333,0.15333333333333332,0.3446666666666667,0.3223333333333333,0.165,0.09633333333333334,0.35466666666666663,0.38066666666666665,0.356,0.049666666666666665,0.44466666666666665,0.04833333333333334,0.4726666666666667,0.37233333333333335,0.429,0.2673333333333333,0.2916666666666667,0.06466666666666666,0.42,
12:00,0.40700000000000003,0.47600000000000003,0.6563333333333333,0.511,0.219,0.09866666666666667,0.19433333333333333,0.314,0.09466666666666666,0.10733333333333332,0.108,0.423,0.5596666666666666,0.23333333333333334,0.6016666666666667,0.15333333333333335,0.4726666666666667,0.22666666666666666,0.37066666666666664,0.07866666666666666,0.07733333333333332,0.08066666666666666,0.15266666666666667,0.6739999999999999,0.0,0.17366666666666666,0.22166666666666668,0.09000000000000001,0.0,0.0,0.06333333333333334,0.188,0.19666666666666668,0.04,0.0,0.24866666666666667,0.6633333333333334,0.502,0.0,0.08066666666666666,0.0,0.21133333333333332,0.35200000000000004,0.066,0.23033333333333333,0.0,0.396,0.03966666666666666,0.04066666666666666,0.18800000000000003,0.25733333333333336,0.0,0.42266666666666663,0.0,0.030333333333333334,0.512,0.0,0.019666666666666666,0.21466666666666667,0.05666666666666667,0.24733333333333332,0.10200000000000001,,0.18066666666666667,0.3506666666666666,0.3716666666666667,0.0,0.04733333333333334,0.04033333333333333,0.224,0.0,0.08499999999999999,0.18833333333333335,0.0,0.36533333333333334,0.0,0.18866666666666668,0.25466666666666665,0.317,0.112,0.17066666666666666,0.5006666666666667,0.07166666666666667,,0.32966666666666666,0.25766666666666665,0.014,0.271,0.31333333333333335,0.21,0.32,0.08866666666666667,0.028,0.19933333333333333,0.10933333333333334,0.33066666666666666,0.3466666666666667,0.3236666666666667,0.22533333333333333,0.08366666666666668,0.25466666666666665,0.2966666666666667,0.197,0.272,0.06366666666666666,0.08333333333333333,0.037333333333333336,0.22033333333333335,0.017333333333333333,0.012,0.08,0.225,0.011333333333333334,0.04533333333333334,0.30233333333333334,0.22,0.22533333333333333,0.26633333333333337,0.10566666666666666,0.27666666666666667,0.20133333333333334,0.26066666666666666,0.26233333333333336,0.17633333333333334,0.295,0.097,0.2986666666666667,0.2753333333333333,0.31166666666666665,0.2836666666666667,0.073,0.212,0.26633333333333337,0.052000000000000005,0.011333333333333334,0.04,0.07600000000000001,0.21866666666666668,0.23033333333333333,0.04133333333333333,0.28099999999999997,0.06666666666666667,0.182,0.2876666666666667,0.04066666666666666,,,0.25366666666666665,0.31466666666666665,0.14933333333333335,0.192,0.10266666666666667,0.285,0.179,0.007333333333333333,0.277,0.017333333333333333,0.09766666666666667,0.04933333333333333,0.06766666666666668,0.04,0.2806666666666667,0.08366666666666665,0.356,0.03866666666666667,0.05733333333333333,0.33266666666666667,0.23166666666666666,0.06933333333333333,0.044000000000000004,0.07866666666666666,0.24666666666666667,0.043333333333333335,0.029333333333333333,0.2753333333333333,,0.4056666666666667,0.07466666666666667,0.016666666666666666,0.414,0.048,0.35233333333333333,0.3566666666666667,0.19566666666666668,0.14966666666666667,0.036000000000000004,0.41466666666666663,0.40366666666666673,0.415,0.08633333333333333,0.44333333333333336,0.059666666666666666,0.478,0.25366666666666665,0.2853333333333333,0.24833333333333335,0.196,0.11666666666666667,0.4093333333333333,
12:30,0.36666666666666664,0.4663333333333333,0.6316666666666666,0.37233333333333335,0.048,0.16166666666666665,0.13666666666666666,0.6506666666666666,0.092,0.108,0.10400000000000001,0.6563333333333333,0.456,0.41800000000000004,0.6156666666666666,0.05733333333333333,0.5826666666666667,0.20866666666666667,0.23266666666666666,0.3223333333333333,0.07733333333333332,0.048,0.21833333333333332,0.43733333333333335,0.0,0.14066666666666666,0.0,0.08666666666666667,0.0,0.0,0.06333333333333334,0.19266666666666668,0.126,0.0,0.0,0.20933333333333334,0.2826666666666667,0.46033333333333337,0.0,0.035,0.0,0.20066666666666666,0.35866666666666663,0.051666666666666666,0.48133333333333334,0.0,0.3206666666666667,0.037333333333333336,0.049,0.15933333333333335,0.0,0.0,0.36166666666666664,0.0,0.036333333333333336,0.09933333333333333,0.0,0.028666666666666667,0.0,0.05600000000000001,0.0,0.050666666666666665,,0.21200000000000002,0.0,0.5183333333333333,0.0,0.06466666666666666,0.04633333333333334,0.13733333333333334,0.0,0.15666666666666668,0.1713333333333333,0.0,0.20233333333333334,0.0,0.34833333333333333,0.0,0.3076666666666667,0.042333333333333334,0.27299999999999996,0.017666666666666667,0.07,,0.2703333333333333,0.0,0.0,0.36633333333333334,0.0,0.13266666666666665,0.312,0.09533333333333333,0.035666666666666666,0.32733333333333337,0.191,0.31966666666666665,0.3463333333333333,0.303,0.24800000000000003,0.037333333333333336,0.297,0.27466666666666667,0.1753333333333333,0.252,0.075,0.014666666666666666,0.04,0.14966666666666667,0.012,0.010666666666666666,0.08733333333333333,0.318,0.012,0.058,0.15833333333333333,0.4843333333333334,0.20933333333333334,0.313,0.18366666666666667,0.18166666666666667,0.07333333333333333,0.22666666666666666,0.252,0.23933333333333331,0.2796666666666667,0.24566666666666667,0.282,0.2593333333333333,0.2683333333333333,0.23866666666666667,0.14466666666666667,0.12533333333333332,0.027333333333333334,0.06266666666666668,0.024333333333333332,0.039,0.12933333333333333,0.2326666666666667,0.251,0.04666666666666666,0.3486666666666667,0.08133333333333333,0.35833333333333334,0.264,0.06533333333333333,,,0.2773333333333333,0.32166666666666666,0.18266666666666664,0.20433333333333334,0.2573333333333333,0.2806666666666667,0.10233333333333333,0.014666666666666666,0.3236666666666667,0.02266666666666667,0.18333333333333332,0.15633333333333335,0.13233333333333333,0.04,0.27399999999999997,0.10666666666666667,0.3516666666666667,0.050666666666666665,0.035333333333333335,0.3423333333333333,0.2786666666666667,0.06533333333333333,0.076,0.060000000000000005,0.22,0.016,0.016,0.04666666666666666,,0.3376666666666666,0.032,0.014666666666666666,0.39366666666666666,0.014666666666666666,0.089,0.264,0.16366666666666668,0.234,0.028,0.394,0.35033333333333333,0.35933333333333334,0.23633333333333334,0.4196666666666667,0.029333333333333336,0.4653333333333334,0.0,0.335,0.2876666666666666,0.07533333333333334,0.07,0.4,
13:00,0.18133333333333332,0.22633333333333333,0.5936666666666667,0.42633333333333334,0.04666666666666667,0.17633333333333334,0.2966666666666667,0.6483333333333333,0.07200000000000001,0.11066666666666666,0.12266666666666666,0.3526666666666667,0.23566666666666666,0.35,0.5026666666666667,0.09766666666666667,0.515,0.37133333333333335,0.06266666666666668,0.445,0.07600000000000001,0.22566666666666665,0.060000000000000005,0.5346666666666666,0.0,0.32166666666666666,0.0,0.08266666666666667,0.0,0.0,0.068,0.11,0.17966666666666667,0.0,0.0,0.29266666666666663,0.0,0.16933333333333334,0.0,0.04933333333333333,0.0,0.277,0.0,0.044333333333333336,0.20666666666666667,0.0,0.0,0.06133333333333334,0.12666666666666668,0.07266666666666667,0.0,0.0,0.16133333333333333,0.0,0.027000000000000003,0.0,0.0,0.05033333333333334,0.0,0.043333333333333335,0.0,0.036333333333333336,,0.23600000000000002,0.0,0.131,0.0,0.08066666666666666,0.035,0.14066666666666666,0.0,0.1673333333333333,0.114,0.0,0.0,0.0,0.33766666666666667,0.0,0.0,0.035333333333333335,0.31,0.0,0.058333333333333334,,0.0,0.0,0.0,0.3066666666666667,0.0,0.14800000000000002,0.10800000000000001,0.05500000000000001,0.043666666666666666,0.22666666666666666,0.10200000000000001,0.33666666666666667,0.33699999999999997,0.29266666666666663,0.23366666666666666,0.032,0.3046666666666667,0.14133333333333334,0.09933333333333333,0.18033333333333335,0.04133333333333333,0.02333333333333333,0.15566666666666668,0.16466666666666666,0.009333333333333334,0.01,0.008,0.37433333333333335,0.016,0.08333333333333333,0.12933333333333333,0.17666666666666667,0.11966666666666666,0.3,0.21266666666666667,0.13133333333333333,0.035666666666666666,0.22566666666666665,0.242,0.214,0.10033333333333333,0.115,0.16,0.246,0.2563333333333333,0.21733333333333332,0.051000000000000004,0.24333333333333332,0.12033333333333333,0.11566666666666667,0.24033333333333334,0.09466666666666666,0.14400000000000002,0.4123333333333334,0.327,0.02266666666666667,0.13166666666666668,0.06733333333333333,0.35533333333333333,0.36033333333333334,0.044000000000000004,,,0.04133333333333333,0.23,0.01633333333333333,0.04800000000000001,0.16166666666666665,0.22066666666666668,0.08866666666666667,0.014666666666666666,0.16933333333333334,0.06333333333333332,0.212,0.16299999999999998,0.218,0.03933333333333333,0.24866666666666667,0.13899999999999998,0.30866666666666664,0.062000000000000006,0.042,0.034,0.18733333333333332,0.06533333333333333,0.25533333333333336,0.08499999999999999,0.24966666666666668,0.010666666666666666,0.005333333333333333,0.16299999999999998,,0.112,0.03066666666666667,0.008666666666666666,0.3953333333333333,0.02266666666666667,0.14866666666666667,0.3203333333333333,0.18866666666666668,0.18266666666666667,0.07066666666666667,0.36766666666666664,0.384,0.36833333333333335,0.3046666666666667,0.30666666666666664,0.043333333333333335,0.048666666666666664,0.0,0.298,0.238,0.306,0.059666666666666666,0.24466666666666667,
13:30,0.13866666666666666,0.165,0.5416666666666666,0.39333333333333337,0.042666666666666665,0.092,0.11466666666666667,0.5536666666666666,0.07733333333333332,0.11466666666666667,0.12399999999999999,0.41,0.3253333333333333,0.353,0.3283333333333333,0.134,0.499,0.22000000000000003,0.15566666666666668,0.38166666666666665,0.08533333333333333,0.5143333333333333,0.07733333333333332,0.5163333333333333,0.0,0.301,0.0,0.08666666666666667,0.0,0.0,0.08800000000000001,0.2723333333333333,0.11933333333333333,0.0,0.0,0.27666666666666667,0.0,0.0,0.0,0.02666666666666667,0.0,0.0,0.0,0.08133333333333333,0.36166666666666664,0.0,0.0,0.08466666666666667,0.09533333333333333,0.084,0.0,0.0,0.0,0.0,0.051333333333333335,0.0,0.0,0.042333333333333334,0.0,0.05700000000000001,0.0,0.04533333333333334,,0.25966666666666666,0.0,0.0,0.0,0.038000000000000006,0.04,0.27166666666666667,0.0,0.06866666666666667,0.098,0.0,0.0,0.0,0.201,0.0,0.0,0.033666666666666664,0.3426666666666666,0.0,0.044000000000000004,,0.0,0.0,0.0,0.30433333333333334,0.0,0.22266666666666665,0.0,0.08666666666666667,0.04833333333333333,0.21133333333333332,0.11566666666666667,0.042333333333333334,0.30866666666666664,0.27133333333333337,0.16466666666666666,0.06466666666666666,0.029666666666666668,0.14433333333333334,0.016666666666666666,0.09899999999999999,0.12533333333333332,0.17633333333333334,0.145,0.06133333333333334,0.024,0.023333333333333334,0.028666666666666667,0.22366666666666665,0.01,0.013333333333333334,0.11866666666666667,0.07066666666666667,0.09466666666666666,0.2653333333333333,0.14533333333333334,0.13033333333333333,0.06833333333333333,0.11499999999999999,0.20466666666666666,0.189,0.20266666666666666,0.006666666666666667,0.0026666666666666666,0.212,0.23666666666666666,0.24733333333333332,0.03333333333333333,0.209,0.13899999999999998,0.11066666666666666,0.23233333333333334,0.194,0.10666666666666667,0.24133333333333334,0.29133333333333333,0.04,0.094,0.028,0.2886666666666667,0.3,0.07133333333333333,,,0.12033333333333333,0.10200000000000001,0.079,0.03066666666666667,0.14266666666666666,0.23166666666666666,0.19466666666666665,0.012,0.151,0.03233333333333333,0.23633333333333334,0.084,0.298,0.048,0.23066666666666666,0.254,0.2613333333333333,0.02666666666666667,0.060000000000000005,0.23866666666666667,0.24066666666666667,0.030000000000000002,0.23766666666666666,0.06533333333333333,0.10433333333333333,0.015333333333333334,0.004666666666666667,0.13033333333333333,,0.19933333333333333,0.045000000000000005,0.02,0.30433333333333334,0.03866666666666666,0.239,0.351,0.06266666666666668,0.275,0.024,0.3333333333333333,0.3236666666666667,0.3373333333333334,0.17733333333333334,0.0,0.05266666666666667,0.0,0.0,0.2776666666666667,0.1716666666666667,0.2873333333333334,0.04133333333333333,0.143,
14:00,0.18733333333333332,0.06533333333333333,0.48666666666666664,0.3576666666666667,0.04733333333333333,0.08133333333333333,0.21833333333333332,0.501,0.09866666666666667,0.10466666666666667,0.1,0.4266666666666667,0.22633333333333333,0.3,0.40099999999999997,0.06666666666666667,0.46366666666666667,0.19333333333333333,0.12566666666666668,0.3873333333333333,0.068,0.297,0.08,0.41833333333333333,0.0,0.245,0.0,0.07,0.0,0.0,0.07800000000000001,0.07600000000000001,0.098,0.0,0.0,0.09266666666666667,0.0,0.0,0.0,0.0,0.0,0.0,0.0,0.10366666666666666,0.4826666666666667,0.0,0.0,0.082,0.051000000000000004,0.14833333333333334,0.0,0.0,0.0,0.0,0.06000000000000001,0.0,0.0,0.021333333333333333,0.0,0.06366666666666668,0.0,0.03766666666666667,,0.24366666666666667,0.0,0.0,0.0,0.033,0.05333333333333334,0.20900000000000002,0.0,0.04066666666666666,0.09000000000000001,0.0,0.0,0.0,0.0,0.0,0.0,0.025,0.2673333333333333,0.0,0.04000000000000001,,0.0,0.0,0.0,0.247,0.0,0.21066666666666667,0.0,0.063,0.12866666666666665,0.045000000000000005,0.0,0.0,0.2803333333333333,0.25,0.109,0.034666666666666665,0.252,0.20800000000000002,0.036000000000000004,0.17966666666666667,0.077,0.10766666666666666,0.123,0.04,0.017333333333333333,0.06133333333333334,0.02,0.22299999999999998,0.025333333333333333,0.07200000000000001,0.099,0.07200000000000001,0.06133333333333334,0.24000000000000002,0.177,0.07233333333333333,0.12033333333333333,0.10400000000000001,0.17833333333333332,0.156,0.16233333333333333,0.009333333333333334,0.06166666666666667,0.169,0.194,0.22000000000000003,0.031578947368421054,0.23666666666666666,0.20500000000000002,0.10966666666666666,0.13433333333333333,0.12400000000000001,0.048666666666666664,0.24533333333333332,0.18766666666666668,0.04533333333333334,0.07200000000000001,0.056,0.252,0.20333333333333334,0.23099999999999998,,,0.13633333333333333,0.10933333333333332,0.076,0.06866666666666667,0.08499999999999999,0.21766666666666667,0.116,0.03333333333333333,0.23266666666666666,0.034666666666666665,0.221,0.08966666666666666,0.2703333333333333,0.03333333333333333,0.187,0.202,0.24066666666666667,0.016666666666666666,0.025333333333333333,0.21600000000000003,0.1713333333333333,0.11333333333333333,0.04,0.008,0.02266666666666667,0.016,0.037333333333333336,0.03833333333333333,,0.21,0.05733333333333333,0.044000000000000004,0.3063333333333333,0.03866666666666666,0.2986666666666667,0.07566666666666667,0.048666666666666664,0.11366666666666667,0.06533333333333333,0.294,0.3026666666666667,0.28966666666666663,0.08600000000000001,0.0,0.039,0.0,0.0,0.15066666666666664,0.03833333333333334,0.27666666666666667,0.033666666666666664,0.053000000000000005,
14:30,0.21133333333333332,0.09466666666666666,0.40399999999999997,0.302,0.024,0.076,0.494,0.432,0.07333333333333333,0.10400000000000001,0.112,0.417,0.28,0.182,0.23399999999999999,0.04466666666666667,0.4076666666666667,0.23433333333333334,0.048,0.20833333333333334,0.07733333333333332,0.26266666666666666,0.07066666666666667,0.23566666666666666,0.0,0.23333333333333334,0.0,0.038000000000000006,0.0,0.0,0.05266666666666667,0.060000000000000005,0.04733333333333334,0.0,0.0,0.14266666666666666,0.0,0.0,0.0,0.0,0.0,0.0,0.0,0.11,0.41633333333333333,0.0,0.0,0.08333333333333333,0.03966666666666666,0.10266666666666667,0.0,0.0,0.0,0.0,0.048,0.0,0.0,0.05633333333333334,0.0,0.06333333333333334,0.0,0.06766666666666668,,0.193,0.0,0.0,0.0,0.026000000000000002,0.07,0.152,0.0,0.038000000000000006,0.078,0.0,0.0,0.0,0.0,0.0,0.0,0.029666666666666668,0.0,0.0,0.07533333333333334,,0.0,0.0,0.0,0.0,0.0,0.15266666666666667,0.0,0.07466666666666667,0.21433333333333332,0.0,0.0,0.0,4.891666666666667,5.327,5.417333333333334,5.327,5.355,5.316,5.446,5.085,5.387666666666666,5.319333333333334,5.4590000000000005,5.305000000000001,5.364333333333334,5.355333333333333,5.352666666666667,5.0889999999999995,5.361666666666666,5.4366666666666665,5.234,5.4270000000000005,5.128,5.225666666666667,5.557666666666666,5.099,5.028666666666667,5.0456666666666665,5.292666666666666,5.288333333333333,4.8709999999999996,5.1706666666666665,5.110666666666666,5.265666666666666,4.998333333333333,4.934,,5.114333333333334,5.233666666666666,5.354,5.390333333333333,5.370333333333333,5.239999999999999,4.717333333333333,4.634333333333333,5.137666666666666,4.872,5.342,4.990666666666667,5.472333333333333,5.112666666666667,,,4.886333333333334,5.052333333333333,5.04,5.111666666666666,5.402333333333333,5.129666666666666,5.055666666666666,5.322,5.162333333333334,5.316333333333334,4.9959999999999996,5.368666666666667,5.117,5.307666666666666,5.264666666666667,5.288333333333333,5.075666666666667,5.403666666666667,5.3453333333333335,5.223,5.289333333333333,5.299,5.318666666666667,5.334333333333333,5.3453333333333335,5.183333333333334,5.341666666666667,5.386,,5.384,5.335,5.36,5.337000000000001,5.352666666666667,5.551666666666667,5.441,5.432666666666666,5.037999999999999,5.076,5.420333333333334,5.338666666666667,5.356,5.386,0.0,0.04700000000000001,0.0,0.0,0.08333333333333333,0.10033333333333334,0.22433333333333336,0.05833333333333334,0.035666666666666666,
15:00,0.18466666666666667,0.16133333333333333,0.316,0.17266666666666666,0.024,0.05266666666666667,0.29133333333333333,0.3506666666666666,0.11266666666666666,0.08933333333333333,0.11133333333333333,0.21633333333333335,0.2903333333333334,0.147,0.23633333333333334,0.050666666666666665,0.29300000000000004,0.08266666666666667,0.078,0.17600000000000002,0.07466666666666667,0.136,0.06533333333333333,0.12866666666666665,0.0,0.08333333333333333,0.0,0.02033333333333333,0.0,0.0,0.054000000000000006,0.05566666666666667,0.041,0.0,0.0,0.12466666666666668,0.0,0.0,0.0,0.0,0.0,0.0,0.0,0.10666666666666667,0.12533333333333332,0.0,0.0,0.08333333333333333,0.05266666666666667,0.11733333333333333,0.0,0.0,0.0,0.0,0.046000000000000006,0.0,0.0,0.052333333333333336,0.0,0.06000000000000001,0.0,0.07,,0.187,0.0,0.0,0.0,0.030000000000000002,0.07,0.13266666666666665,0.0,0.06766666666666668,0.07100000000000001,0.0,0.0,0.0,0.0,0.0,0.0,0.04000000000000001,0.0,0.0,0.053000000000000005,,0.0,0.0,0.0,0.0,0.0,0.19,0.0,0.066,0.2036666666666667,0.0,0.0,0.0,5.550333333333333,5.582666666666666,5.544,5.35,5.382666666666666,5.5296666666666665,5.388999999999999,5.379333333333333,5.239,5.525,5.4159999999999995,5.364999999999999,5.362666666666667,5.360333333333333,5.250333333333333,5.545333333333334,5.362333333333334,5.4976666666666665,5.473333333333333,5.386333333333334,5.446,5.442333333333334,5.615666666666667,5.365666666666667,5.251666666666667,5.192333333333334,5.593333333333334,5.590999999999999,5.302666666666667,5.359333333333334,5.581333333333333,5.605666666666666,5.587999999999999,4.648666666666667,0.023157894736842106,5.3469999999999995,5.461,5.203333333333333,4.819333333333334,4.942333333333334,4.678666666666667,5.131333333333333,5.165666666666667,5.161333333333333,4.9383333333333335,5.198333333333333,5.279,3.445666666666667,5.386,,,5.297,4.590333333333334,5.555666666666666,5.314666666666667,5.479333333333333,5.402666666666667,4.426,5.318333333333333,5.537999999999999,5.337999999999999,5.645333333333334,5.341666666666667,5.140333333333333,5.348666666666667,5.548,4.515666666666666,5.635666666666666,5.207666666666666,5.363666666666666,5.398666666666667,5.343666666666667,5.423666666666667,5.318,5.341666666666667,5.390333333333333,5.398,5.37,5.385000000000001,,5.047666666666667,5.3533333333333335,5.3533333333333335,5.479,5.204,4.212666666666666,5.453333333333333,4.549666666666667,5.5649999999999995,5.451666666666667,5.665666666666667,5.679333333333333,5.473666666666667,5.3790000000000004,0.0,0.041666666666666664,0.0,0.0,0.007333333333333333,0.029333333333333333,0.164,0.04700000000000001,0.0,
15:30,0.19266666666666668,2.304333333333333,2.416,2.2393333333333336,2.142333333333333,2.1540000000000004,2.381333333333333,2.4323333333333332,2.197,2.185666666666667,2.1943333333333332,2.3233333333333333,2.3943333333333334,2.2463333333333333,2.3313333333333333,2.212,2.4073333333333333,2.2126666666666663,2.171666666666667,2.1906666666666665,2.1093333333333333,2.177333333333334,2.18,0.15,0.0,0.04666666666666667,0.0,0.038000000000000006,0.0,0.0,0.05733333333333334,0.058666666666666666,0.04,0.0,0.0,0.029666666666666664,0.0,0.0,0.0,0.0,0.0,0.0,0.0,0.10533333333333333,0.0,0.0,0.0,0.051333333333333335,0.07,0.059333333333333335,0.0,0.0,0.0,0.0,0.044333333333333336,0.0,0.0,0.026000000000000002,0.0,0.064,0.0,0.06766666666666668,,0.10733333333333332,0.0,0.0,0.0,0.04,0.07,0.01,0.0,0.065,0.11633333333333334,0.0,0.0,0.0,0.0,0.0,0.0,0.036333333333333336,0.0,0.0,0.034,,0.0,0.0,0.0,0.0,0.0,0.146,0.0,0.04,0.19233333333333336,0.0,0.0,0.0,0.357,0.315,0.2836666666666667,0.23333333333333334,0.27166666666666667,0.24733333333333332,0.21466666666666667,0.328,0.292,0.26166666666666666,0.217,0.226,0.19266666666666665,0.0,0.0,0.37733333333333335,0.0,0.24633333333333332,0.27666666666666667,0.25133333333333335,0.3396666666666667,0.35633333333333334,0.282,0.28966666666666663,0.0,0.26566666666666666,0.269,0.25066666666666665,0.20133333333333334,0.20266666666666666,0.26999999999999996,0.2706666666666667,0.28733333333333333,0.0,0.014666666666666666,0.21433333333333332,0.2806666666666667,0.0,0.0,0.0,0.0,0.3203333333333333,0.0,0.0,0.0,0.0,0.29600000000000004,0.0,0.24766666666666667,,,0.22833333333333336,0.0,0.23933333333333331,0.2693333333333333,0.22733333333333333,0.2753333333333333,0.0,0.17833333333333334,0.24166666666666667,0.24799999999999997,0.34900000000000003,0.23600000000000002,0.0,0.0,0.2836666666666667,0.0,0.30733333333333335,0.0,0.0,0.2703333333333333,0.23700000000000002,0.22466666666666665,0.0,0.24766666666666665,0.251,0.0,0.0,0.22666666666666666,,0.0,0.25233333333333335,0.0,0.27599999999999997,0.0,0.0,0.26833333333333337,0.0,0.2903333333333334,0.0,0.0,0.0,0.3253333333333333,0.23466666666666666,0.0,0.060000000000000005,0.0,0.0,0.0,0.0,0.06899999999999999,0.06766666666666668,0.0,
16:00,0.11933333333333333,2.263,2.3296666666666668,2.1766666666666667,2.1719999999999997,2.1776666666666666,2.3156666666666665,2.2756666666666665,2.1943333333333332,2.1903333333333337,2.1973333333333334,2.253,2.316666666666667,2.203333333333333,2.2726666666666664,2.181,2.3246666666666664,2.204333333333333,2.178,2.2936666666666667,2.187,2.1936666666666667,2.180333333333333,0.14333333333333334,0.0,0.0,0.0,0.03833333333333334,0.0,0.0,0.05800000000000001,0.07,0.052000000000000005,0.0,0.0,0.0,0.0,0.0,0.0,0.0,0.0,0.0,0.0,0.11,0.0,0.0,0.0,0.043666666666666666,0.008333333333333333,0.026333333333333334,0.0,0.0,0.0,0.0,0.025,0.0,0.0,0.038000000000000006,0.0,0.06133333333333334,0.0,0.07,,0.0,0.0,0.0,0.0,0.02666666666666667,0.07133333333333333,0.0,0.0,0.06866666666666667,0.11733333333333333,0.0,0.0,0.0,0.0,0.0,0.0,0.014999999999999998,0.0,0.0,0.036000000000000004,,0.0,0.0,0.0,0.0,0.0,0.11933333333333333,0.0,0.029666666666666668,0.16333333333333336,0.0,0.0,0.0,0.13766666666666666,0.03166666666666666,0.06266666666666668,0.051333333333333335,0.06766666666666668,0.058666666666666666,0.10133333333333333,0.12666666666666665,0.07533333333333334,0.05433333333333334,0.05333333333333334,0.043666666666666666,0.0,0.0,0.0,0.15899999999999997,0.0,0.03233333333333333,0.08266666666666667,0.07800000000000001,0.10600000000000001,0.14133333333333334,0.09733333333333333,0.07400000000000001,0.0,0.060000000000000005,0.04633333333333334,0.03866666666666667,0.01,0.018666666666666668,0.009333333333333334,0.06233333333333334,0.07,0.0,0.012,0.03266666666666666,0.027,0.0,0.0,0.0,0.0,0.10200000000000001,0.0,0.0,0.0,0.0,0.07133333333333333,0.0,0.05333333333333334,,,0.050666666666666665,0.0,0.014666666666666666,0.07533333333333334,0.04800000000000001,0.07666666666666667,0.0,0.0,0.082,0.07133333333333333,0.11800000000000001,0.07,0.0,0.0,0.04833333333333334,0.0,0.07400000000000001,0.0,0.0,0.114,0.07,0.042666666666666665,0.0,0.059666666666666666,0.03666666666666667,0.0,0.0,0.054000000000000006,,0.0,0.04800000000000001,0.0,0.0,0.0,0.0,0.05266666666666667,0.0,0.059666666666666666,0.0,0.0,0.0,0.012333333333333333,0.042333333333333334,0.0,0.06533333333333334,0.0,0.0,0.0,0.0,0.0,0.06933333333333333,0.0,
16:30,0.12333333333333334,0.14033333333333334,0.17466666666666666,0.129,0.137,0.15266666666666667,0.19733333333333333,0.17099999999999999,0.17566666666666667,0.17933333333333332,0.1716666666666667,0.169,0.20133333333333334,0.17033333333333334,0.16133333333333333,0.13166666666666665,0.18166666666666667,0.137,0.15133333333333335,0.16533333333333333,0.17933333333333332,0.19233333333333336,0.17200000000000001,0.09666666666666666,0.0,0.0,0.0,0.07,0.0,0.0,0.06066666666666667,0.050666666666666665,0.0,0.0,0.0,0.0,0.0,0.0,0.0,0.0,0.0,0.0,0.0,0.07333333333333333,0.0,0.0,0.0,0.049666666666666665,0.0,0.0,0.0,0.0,0.0,0.0,0.07,0.0,0.0,0.005,0.0,0.06766666666666668,0.0,0.06766666666666668,,0.0,0.0,0.0,0.0,0.024,0.07266666666666667,0.0,0.0,0.010666666666666666,0.07933333333333333,0.0,0.0,0.0,0.0,0.0,0.0,0.04733333333333334,0.0,0.0,0.053000000000000005,,0.0,0.0,0.0,0.0,0.0,0.013666666666666666,0.0,0.05266666666666667,0.13533333333333333,0.0,0.0,0.0,0.0,0.0,0.09033333333333333,0.052000000000000005,0.042666666666666665,0.029333333333333336,0.05,0.07666666666666667,0.06133333333333334,0.030333333333333334,0.03666666666666667,0.07966666666666668,0.0,0.0,0.0,0.09000000000000001,0.0,0.05800000000000001,0.08,0.060000000000000005,0.09533333333333333,0.09000000000000001,0.068,0.041666666666666664,0.0,0.034666666666666665,0.035666666666666666,0.018666666666666668,0.01,0.006,0.0,0.027333333333333334,0.038000000000000006,0.0,0.01933333333333333,0.06366666666666668,0.03866666666666667,0.0,0.0,0.0,0.0,0.060333333333333336,0.0,0.0,0.0,0.0,0.06466666666666668,0.0,0.042666666666666665,,,0.029,0.0,0.019,0.035333333333333335,0.04833333333333334,0.052000000000000005,0.0,0.0,0.084,0.05566666666666667,0.05700000000000001,0.05533333333333334,0.0,0.0,0.030333333333333334,0.0,0.04533333333333334,0.0,0.0,0.062000000000000006,0.06533333333333334,0.051333333333333335,0.0,0.054000000000000006,0.03233333333333333,0.0,0.0,0.05566666666666667,,0.0,0.04966666666666667,0.0,0.0,0.0,0.0,0.014333333333333335,0.0,0.011,0.0,0.0,0.0,0.0,0.05333333333333334,0.0,0.07,0.0,0.0,0.0,0.0,0.0,0.07,0.0,
17:00,0.10333333333333333,0.05533333333333334,0.052333333333333336,0.044333333333333336,0.058666666666666666,0.08,0.094,0.08933333333333333,0.11,0.11,0.11,0.10366666666666666,0.09733333333333333,0.07666666666666667,0.068,0.06533333333333333,0.06866666666666667,0.059000000000000004,0.064,0.066,0.11,0.068,0.10633333333333334,0.08466666666666667,0.0,0.0,0.0,0.07,0.0,0.0,0.09933333333333333,0.0,0.0,0.0,0.0,0.0,0.0,0.0,0.0,0.0,0.0,0.0,0.0,0.0,0.0,0.0,0.0,0.03133333333333334,0.0,0.0,0.0,0.0,0.0,0.0,0.054000000000000006,0.0,0.0,0.0,0.0,0.07,0.0,0.07,,0.0,0.0,0.0,0.0,0.051333333333333335,0.08066666666666666,0.0,0.0,0.0,0.06966666666666667,0.0,0.0,0.0,0.0,0.0,0.0,0.05766666666666667,0.0,0.0,0.035,,0.0,0.0,0.0,0.0,0.0,0.0,0.0,0.0,0.044333333333333336,0.0,0.0,0.0,0.0,0.0,0.07866666666666668,0.04700000000000001,0.03133333333333333,0.0,0.07133333333333333,0.046000000000000006,0.03233333333333333,0.03233333333333333,0.03866666666666667,0.051000000000000004,0.0,0.0,0.0,0.04466666666666667,0.0,0.06533333333333334,0.05566666666666667,0.058,0.059000000000000004,0.054000000000000006,0.02,0.031000000000000003,0.0,0.02,0.0,0.0,0.030000000000000002,0.027333333333333334,0.0,0.0,0.004,0.0,0.02666666666666667,0.06766666666666668,0.0016666666666666663,0.0,0.0,0.0,0.0,0.04633333333333334,0.0,0.0,0.0,0.0,0.05900000000000001,0.0,0.043666666666666666,,,0.03133333333333334,0.0,0.018333333333333333,0.05800000000000001,0.06899999999999999,0.035,0.0,0.0,0.07466666666666667,0.060000000000000005,0.05333333333333334,0.05600000000000001,0.0,0.0,0.0,0.0,0.016,0.0,0.0,0.06666666666666667,0.07,0.03866666666666667,0.0,0.06733333333333333,0.05933333333333334,0.0,0.0,0.035333333333333335,,0.0,0.07,0.0,0.0,0.0,0.0,0.0,0.0,0.05933333333333334,0.0,0.0,0.0,0.0,0.06933333333333333,0.0,0.04900000000000001,0.0,0.0,0.0,0.0,0.0,0.07,0.0,
17:30,0.11,0.08933333333333333,0.07566666666666667,0.07,0.08,0.08,0.10633333333333334,0.09833333333333334,0.11,0.11,0.11,0.11,0.094,0.10466666666666667,0.09000000000000001,0.07333333333333333,0.07266666666666667,0.06766666666666668,0.050666666666666665,0.07833333333333334,0.11,0.08266666666666667,0.11,0.10633333333333334,0.0,0.0,0.0,0.044333333333333336,0.0,0.0,0.11,0.0,0.0,0.0,0.0,0.0,0.0,0.0,0.0,0.0,0.0,0.0,0.0,0.0,0.0,0.0,0.0,0.0,0.0,0.0,0.0,0.0,0.0,0.0,0.06766666666666668,0.0,0.0,0.0,0.0,0.07,0.0,0.07,,0.0,0.0,0.0,0.0,0.07,0.09066666666666667,0.0,0.0,0.0,0.0,0.0,0.0,0.0,0.0,0.0,0.0,0.029333333333333333,0.0,0.0,0.0,,0.0,0.0,0.0,0.0,0.0,0.0,0.0,0.0,0.001,0.0,0.0,0.0,0.0,0.0,0.03866666666666667,0.03866666666666667,0.0,0.0,0.07200000000000001,0.051000000000000004,0.04800000000000001,0.03833333333333334,0.063,0.03933333333333334,0.0,0.0,0.0,0.026333333333333334,0.0,0.06633333333333334,0.018000000000000002,0.06233333333333334,0.07400000000000001,0.005666666666666666,0.0,0.04,0.0,0.044000000000000004,0.0,0.0,0.02666666666666667,0.02666666666666667,0.0,0.0,0.0,0.0,0.03866666666666666,0.042,0.0,0.0,0.0,0.0,0.0,0.06933333333333333,0.0,0.0,0.0,0.0,0.07133333333333333,0.0,0.04566666666666667,,,0.07,0.0,0.04666666666666667,0.07,0.097,0.0,0.0,0.0,0.098,0.07066666666666667,0.063,0.05333333333333334,0.0,0.0,0.0,0.0,0.0,0.0,0.0,0.07,0.014000000000000002,0.07,0.0,0.06466666666666668,0.07,0.0,0.0,0.06766666666666668,,0.0,0.06933333333333333,0.0,0.0,0.0,0.0,0.0,0.0,0.07,0.0,0.0,0.0,0.0,0.06666666666666667,0.0,0.0,0.0,0.0,0.0,0.0,0.0,0.051333333333333335,0.0,
18:00,0.11,0.10466666666666667,0.07600000000000001,0.07,0.08,0.07466666666666667,0.11,0.11,0.11,0.11,0.11,0.11,0.11,0.10800000000000001,0.11,0.07533333333333334,0.08133333333333333,0.07066666666666667,0.07366666666666667,0.09933333333333333,0.11,0.11,0.11,0.11,0.0,0.0,0.0,0.0,0.0,0.0,0.08433333333333333,0.0,0.0,0.0,0.0,0.0,0.0,0.0,0.0,0.0,0.0,0.0,0.0,0.0,0.0,0.0,0.0,0.0,0.0,0.0,0.0,0.0,0.0,0.0,0.07,0.0,0.0,0.0,0.0,0.07,0.0,0.0,,0.0,0.0,0.0,0.0,0.07,0.09733333333333333,0.0,0.0,0.0,0.0,0.0,0.0,0.0,0.0,0.0,0.0,0.01633333333333333,0.0,0.0,0.0,0.0,0.0,0.0,0.0,0.0,0.0,0.0,0.0,0.0,0.0,0.0,0.0,0.0,0.0,0.0,0.008,0.05933333333333334,0.0,0.0,0.07966666666666668,0.077,0.060333333333333336,0.060333333333333336,0.06666666666666667,0.051000000000000004,0.0,0.0,0.0,0.0,0.0,0.06666666666666667,0.0,0.05666666666666667,0.03900000000000001,0.0,0.0,0.06366666666666668,0.0,0.0,0.0,0.0,0.05833333333333334,0.06000000000000001,0.0,0.0,0.0,0.0,0.04,0.03666666666666667,0.0,0.0,0.0,0.0,0.0,0.07133333333333333,0.0,0.0,0.0,0.0,0.021000000000000005,0.0,0.06733333333333333,,,0.07,0.0,0.07,0.07,0.06766666666666668,0.0,0.0,0.0,0.07800000000000001,0.07600000000000001,0.05466666666666667,0.07,0.0,0.0,0.0,0.0,0.0,0.0,0.0,0.0,0.0,0.07,0.0,0.03066666666666667,0.07,0.0,0.0,0.07,,0.0,0.014000000000000002,0.0,0.0,0.0,0.0,0.0,0.0,0.037333333333333336,0.0,0.0,0.0,0.0,0.028000000000000004,0.0,0.0,0.0,0.0,0.0,0.0,0.0,0.0,0.0,
18:30,0.025666666666666667,0.04766666666666666,0.03133333333333334,0.016333333333333335,0.0026666666666666666,0.035333333333333335,0.06966666666666667,0.066,0.022000000000000002,0.029333333333333333,0.08066666666666666,0.08066666666666666,0.08066666666666666,0.08800000000000001,0.09033333333333333,0.03933333333333334,0.08433333333333334,0.06266666666666668,0.06666666666666667,0.07766666666666668,0.044000000000000004,0.11,0.11,0.03666666666666667,0.0,0.0,0.0,0.0,0.0,0.0,0.0,0.0,0.0,0.0,0.0,0.0,0.0,0.0,0.0,0.0,0.0,0.0,0.0,0.0,0.0,0.0,0.0,0.0,0.0,0.0,0.0,0.0,0.0,0.0,0.07,0.0,0.0,0.0,0.0,0.035,0.0,0.0,,0.0,0.0,0.0,0.0,0.030333333333333337,0.084,0.0,0.0,0.0,0.0,0.0,0.0,0.0,0.0,0.0,0.0,0.04766666666666667,0.0,0.0,,,0.0,0.0,0.0,0.0,0.0,0.0,0.0,0.0,0.0,0.0,0.0,0.0,0.0,0.0,0.0,0.07666666666666667,0.0,0.0,0.084,0.0,0.07033333333333334,0.07,0.05766666666666667,0.06666666666666667,0.0,0.0,0.0,0.0,0.0,0.06733333333333333,0.0,0.0,0.0,0.0,0.0,0.0023333333333333335,0.0,0.0,0.0,0.0,0.0,0.07,0.0,0.0,0.0,0.0,0.04,0.053000000000000005,0.0,0.0,0.0,0.0,0.0,0.07,0.0,0.0,0.0,0.0,0.0,0.0,0.051333333333333335,,,0.014000000000000002,0.0,0.07,0.07,0.0,0.0,0.0,0.0,0.07666666666666667,0.07133333333333333,0.0,0.06566666666666668,0.0,0.0,0.0,0.0,0.0,0.0,0.0,0.0,0.0,0.030333333333333337,0.0,0.0,0.025666666666666667,0.0,0.0,0.011666666666666667,,0.0,0.0,0.0,0.0,0.0,0.0,0.0,0.0,0.0,0.0,0.0,0.0,0.0,0.0,0.0,0.0,0.0,0.0,0.0,0.0,0.0,0.0,0.0,
19:00,0.0,0.0,0.0,0.0,0.0,0.0,0.0,0.0,0.0,0.0,0.0,0.0,0.0,0.0,0.0,0.0,0.0,0.0,0.0,0.0,0.0,0.0036666666666666666,0.0,0.0,0.0,0.0,0.0,0.0,0.0,0.0,0.0,0.0,0.0,0.0,0.0,0.0,0.0,0.0,0.0,0.0,0.0,0.0,0.0,0.0,0.0,0.0,0.0,0.0,0.0,0.0,0.0,0.0,0.0,0.0,0.03266666666666667,0.0,0.0,0.0,0.0,0.0,0.0,0.0,,0.0,0.0,0.0,0.0,0.0,0.003,0.0,0.0,0.0,0.0,0.0,0.0,0.0,0.0,0.0,0.0,0.004666666666666667,0.0,0.0,,,0.0,0.0,0.0,0.0,0.0,0.0,0.0,0.0,0.0,0.0,0.0,0.0,0.0,0.0,0.0,0.07266666666666667,0.0,0.0,0.036333333333333336,0.0,0.07866666666666668,0.062000000000000006,0.0,0.03966666666666667,0.0,0.0,0.0,0.0,0.0,0.07,0.0,0.0,0.0,0.0,0.0,0.0,0.0,0.0,0.0,0.0,0.0,0.07,0.0,0.0,0.0,0.0,0.03066666666666667,0.0023333333333333335,0.0,0.0,0.0,0.0,0.0,0.009333333333333334,0.0,0.0,0.0,0.0,0.0,0.0,0.0,,,0.0,0.0,0.030333333333333337,0.021000000000000005,0.0,0.0,0.0,0.0,0.0,0.004666666666666667,0.0,0.0,0.0,0.0,0.0,0.0,0.0,0.0,0.0,0.0,0.0,0.0,0.0,0.0,0.0,0.0,0.0,0.0,,0.0,0.0,0.0,0.0,0.0,0.0,0.0,0.0,0.0,0.0,0.0,0.0,0.0,0.0,0.0,0.0,0.0,0.0,0.0,0.0,0.0,0.0,0.0,
19:30,0.0,0.0,0.0,0.0,0.0,0.0,0.0,0.0,0.0,0.0,0.0,0.0,0.0,0.0,0.0,0.0,0.0,0.0,0.0,0.0,0.0,0.0,0.0,0.0,0.0,0.0,0.0,0.0,0.0,0.0,0.0,0.0,0.0,0.0,0.0,0.0,0.0,0.0,0.0,0.0,0.0,0.0,0.0,0.0,0.0,0.0,0.0,0.0,0.0,0.0,0.0,0.0,0.0,0.0,0.0,0.0,0.0,0.0,0.0,0.0,0.0,0.0,,0.0,0.0,0.0,0.0,0.0,0.0,0.0,0.0,0.0,0.0,0.0,0.0,0.0,0.0,0.0,0.0,0.0,0.0,0.0,,,0.0,0.0,0.0,0.0,0.0,0.0,0.0,0.0,0.0,0.0,0.0,0.0,0.0,0.0,0.0,0.03166666666666667,0.0,0.0,0.0,0.0,0.04800000000000001,0.0,0.0,0.0,0.0,0.0,0.0,0.0,0.0,0.018666666666666668,0.0,0.0,0.0,0.0,0.0,0.0,0.0,0.0,0.0,0.0,0.0,0.0023333333333333335,0.0,0.0,0.0,0.0,0.0,0.0,0.0,0.0,0.0,0.0,0.0,0.0,0.0,0.0,0.0,0.0,0.0,0.0,0.0,,,0.0,0.0,0.0,0.0,0.0,0.0,0.0,0.0,0.0,0.0,0.0,0.0,0.0,0.0,0.0,0.0,0.0,0.0,0.0,0.0,0.0,0.0,0.0,0.0,0.0,0.0,0.0,0.0,,0.0,0.0,0.0,0.0,0.0,0.0,0.0,0.0,0.0,0.0,0.0,0.0,0.0,0.0,0.0,0.0,0.0,0.0,0.0,0.0,0.0,0.0,0.0,
20:00,0.0,0.0,0.0,0.0,0.0,0.0,0.0,0.0,0.0,0.0,0.0,0.0,0.0,0.0,0.0,0.0,0.0,0.0,0.0,0.0,0.0,0.0,0.0,0.0,0.0,0.0,0.0,0.0,0.0,0.0,0.0,0.0,0.0,0.0,0.0,0.0,0.0,0.0,0.0,0.0,0.0,0.0,0.0,0.0,0.0,0.0,0.0,0.0,0.0,0.0,0.0,0.0,0.0,0.0,0.0,0.0,0.0,0.0,0.0,0.0,0.0,0.0,,0.0,0.0,0.0,0.0,0.0,0.0,0.0,0.0,0.0,0.0,0.0,0.0,0.0,0.0,0.0,0.0,0.0,0.0,0.0,,,0.0,0.0,0.0,0.0,0.0,0.0,0.0,0.0,0.0,0.0,0.0,0.0,0.0,0.0,0.0,0.0,0.0,0.0,0.0,0.0,0.0,0.0,0.0,0.0,0.0,0.0,0.0,0.0,0.0,0.0,0.0,0.0,0.0,0.0,0.0,0.0,0.0,0.0,0.0,0.0,0.0,0.0,0.0,0.0,0.0,0.0,0.0,0.0,0.0,0.0,0.0,0.0,0.0,0.0,0.0,0.0,0.0,0.0,0.0,0.0,0.0,,,0.0,0.0,0.0,0.0,0.0,0.0,0.0,0.0,0.0,0.0,0.0,0.0,0.0,0.0,0.0,0.0,0.0,0.0,0.0,0.0,0.0,0.0,0.0,0.0,0.0,0.0,0.0,0.0,,0.0,0.0,0.0,0.0,0.0,0.0,0.0,0.0,0.0,0.0,0.0,0.0,0.0,0.0,0.0,0.0,0.0,0.0,0.0,0.0,0.0,0.0,0.0,
20:30,0.0,-4.559333333333333,-4.5553333333333335,-4.600666666666667,-4.568333333333333,-4.561333333333334,-4.705,-4.546666666666667,-4.535333333333333,-4.591333333333334,-4.533333333333333,-4.541666666666667,-4.545,-4.558333333333334,-4.515666666666666,-4.557666666666666,-4.555666666666667,-4.562666666666667,-4.7219999999999995,-4.562666666666667,-4.495333333333334,-4.715999999999999,-1.3743333333333332,-1.335,-1.3653333333333333,-1.3733333333333333,-1.3743333333333332,-1.3806666666666667,-1.3709999999999998,-1.3546666666666667,-1.3233333333333333,-1.3726666666666667,-1.3760000000000001,-1.3713333333333333,-1.3786666666666667,-1.3719999999999999,-1.3719999999999999,-1.3756666666666666,-1.4206666666666665,-1.3283333333333331,-1.3719999999999999,-1.38,-1.375,-1.286333333333333,-1.3719999999999999,-1.4173333333333331,-1.3336666666666666,-1.3816666666666666,-1.375,-1.3816666666666666,-1.3723333333333332,-1.3813333333333333,-1.3856666666666666,-1.4323333333333332,-1.3816666666666666,-1.3833333333333333,-1.392,-1.3973333333333333,-1.394,-1.4123333333333332,-1.3769999999999998,-1.379333333333333,,-1.3733333333333333,-1.4276666666666666,-1.4199999999999997,-1.379333333333333,-1.3386666666666664,-1.3733333333333333,-1.3760000000000001,-1.3823333333333332,-1.3806666666666667,-1.3736666666666666,-1.3813333333333333,-1.3923333333333332,-1.3896666666666666,-1.4223333333333334,-1.3856666666666666,-1.3886666666666665,-1.389,-1.332,-1.387,,,-1.3866666666666667,-1.3833333333333333,-1.3866666666666667,-1.4303333333333332,-1.3876666666666666,-1.3826666666666665,-1.389,-1.385333333333333,-1.385,-1.3833333333333333,-1.3896666666666666,-4.744666666666666,-4.587666666666666,-4.593,-4.536,-4.598,-4.757666666666666,-4.566333333333334,-4.605,-4.6,-4.6016666666666675,-4.609333333333334,-4.602333333333333,-4.599666666666667,-4.705,-4.589666666666667,-4.5873333333333335,-4.586666666666667,-4.587000000000001,-4.590333333333334,-4.591666666666667,-4.749666666666667,-4.593,-4.593999999999999,-4.604,-4.606,-4.599,-4.6,-4.595,-4.5969999999999995,-4.596333333333333,-4.5906666666666665,-4.600333333333333,-4.595666666666667,-4.642333333333334,-4.591666666666667,-0.21966666666666665,-4.676333333333333,-4.604333333333333,-4.608666666666666,-4.597666666666667,-4.671,-4.600666666666667,-4.568333333333333,-4.6080000000000005,-4.605333333333333,-4.631333333333333,-4.596,-4.545333333333333,-4.606333333333334,-4.605,,,-4.611999999999999,-4.609666666666667,-4.587,-4.608333333333333,-4.755,-4.606,-4.551333333333333,-4.7459999999999996,-4.66,-4.5969999999999995,-4.595,-4.595666666666667,-4.597666666666667,-4.596,-4.599666666666667,-4.548,-4.589666666666667,-4.748666666666667,-4.645,-4.592,-4.59,-4.594666666666667,-4.595,-4.584333333333333,-4.628333333333333,-4.5806666666666676,-4.578333333333333,-4.6433333333333335,,-4.589666666666667,-4.587000000000001,-4.582,-4.582,-4.737333333333334,-4.5713333333333335,-4.5696666666666665,-4.574333333333333,-4.512666666666666,-4.577333333333333,-4.576,-4.5616666666666665,-4.581333333333333,-1.4386666666666665,-1.3829999999999998,-1.3813333333333333,-1.386,-1.3946666666666665,-1.3936666666666666,-1.3903333333333334,-1.3936666666666666,-1.3833333333333333,-1.3846666666666667,
21:00,0.0,-4.304666666666667,-4.617666666666667,-3.5143333333333335,-0.20500000000000002,-0.9916666666666667,-2.7156666666666665,-4.612,-3.81,-3.8056666666666668,-4.286333333333333,-3.497,-3.977,-1.9346666666666665,-4.143666666666666,-1.1513333333333333,-4.296666666666667,-1.4643333333333333,-0.9900000000000001,-4.620333333333334,-3.821,-4.624666666666667,-1.3923333333333332,-1.403333333333333,-1.4086666666666665,-1.405,-1.4406666666666665,-1.4183333333333332,-1.4343333333333335,-1.4089999999999998,-1.413,-1.4093333333333333,-1.4103333333333332,-1.4149999999999998,-1.417,-1.41,-1.4306666666666668,-1.4103333333333332,-1.4123333333333332,-1.4103333333333332,-1.4246666666666665,-1.4229999999999998,-1.4329999999999998,-1.412,-1.4123333333333332,-1.4096666666666666,-1.4193333333333333,-1.4216666666666666,-1.4376666666666664,-1.4173333333333331,-1.442,-1.4463333333333332,-1.442,-1.446,-1.4349999999999998,-1.44,-1.4469999999999998,-1.4453333333333334,-1.4446666666666665,-1.438,-1.4229999999999998,-1.4466666666666665,,-1.4436666666666664,-1.4293333333333331,-1.4433333333333331,-1.4416666666666667,-1.4463333333333332,-1.41,-1.411333333333333,-1.4409999999999998,-1.422,-1.434,-1.4493333333333331,-1.4433333333333331,-1.4366666666666668,-1.4463333333333332,-1.4456666666666667,-1.4433333333333331,-1.4456666666666667,-1.44,-1.4433333333333331,,,-1.4373333333333334,-1.4356666666666666,-1.4289999999999998,-1.4363333333333332,-1.4326666666666665,-1.4303333333333332,-1.4186666666666665,-1.43,-1.439,-1.4356666666666666,-1.4296666666666666,-4.738666666666666,-4.743666666666667,-4.749333333333333,-4.749666666666667,-4.753333333333333,-4.752,-4.760999999999999,-4.761333333333334,-4.757333333333333,-4.76,-4.763999999999999,-4.761333333333334,-4.758333333333334,-4.750333333333333,-4.736000000000001,-4.733333333333333,-4.735333333333333,-4.731333333333334,-4.7410000000000005,-4.749,-4.750666666666667,-4.7523333333333335,-4.750333333333333,-4.759,-4.763333333333334,-4.767333333333334,-4.769,-4.763,-4.758333333333334,-4.762,-4.760999999999999,-4.758333333333334,-4.7636666666666665,-4.763,-4.755333333333334,0.0,-4.767333333333334,-4.770333333333332,-4.769666666666667,-4.767666666666667,-4.766333333333334,-4.755,-4.758333333333334,-4.763333333333334,-4.760666666666666,-4.761333333333334,-4.7540000000000004,-4.755,-4.757333333333333,-4.762666666666666,,,-4.774333333333333,-4.768,-4.763,-4.764333333333334,-4.754666666666666,-4.760000000000001,-4.759333333333333,-4.751,-4.753333333333333,-4.747333333333334,-4.7523333333333335,-4.749666666666667,-4.750333333333333,-4.747333333333333,-4.755,-4.7556666666666665,-4.753,-4.743333333333334,-4.744666666666666,-4.739999999999999,-4.7459999999999996,-4.745,-4.743333333333334,-4.733333333333333,-4.735333333333333,-4.7283333333333335,-4.725,-4.729666666666668,,-4.736666666666666,-4.735666666666666,-4.728,-4.7266666666666675,-4.722666666666667,-4.722666666666667,-4.720666666666667,-4.726333333333333,-4.723333333333334,-4.726,-4.718666666666667,-4.722333333333334,-4.723333333333333,-1.4443333333333332,-1.4383333333333332,-1.434,-1.4363333333333332,-1.4433333333333331,-1.4416666666666667,-1.4423333333333332,-1.443,-1.4453333333333334,-1.446,
21:30,0.0,0.008,0.014000000000000002,0.0,0.0,0.0,0.0,0.013333333333333334,0.0,0.0,0.009333333333333334,0.0,0.0026666666666666666,0.0,0.005333333333333333,0.0,0.008,0.0,0.0,0.013333333333333334,0.0,0.013333333333333334,-1.406,-1.386,-1.4206666666666665,-1.4199999999999997,-1.4199999999999997,-1.4199999999999997,-1.4186666666666665,-1.4199999999999997,-1.4229999999999998,-1.4199999999999997,-1.4206666666666665,-1.419,-1.4199999999999997,-1.4199999999999997,-1.419,-1.4199999999999997,-1.4199999999999997,-1.4209999999999998,-1.419,-1.4199999999999997,-1.4193333333333333,-1.4223333333333332,-1.4193333333333333,-1.4199999999999997,-1.4199999999999997,-1.4199999999999997,-1.4199999999999997,-1.4199999999999997,-1.424,-1.4266666666666665,-1.449,-1.4386666666666665,-1.4353333333333331,-1.4456666666666667,-1.438,-1.4493333333333331,-1.4386666666666665,-1.4333333333333333,-1.4199999999999997,-1.424,,-1.437,-1.4253333333333333,-1.4273333333333333,-1.422,-1.4253333333333333,-1.4199999999999997,-1.4199999999999997,-1.4199999999999997,-1.4199999999999997,-1.4199999999999997,-1.428,-1.439,-1.4326666666666665,-1.4506666666666665,-1.4466666666666665,-1.434,-1.4386666666666665,-1.4366666666666668,-1.4349999999999998,,,-1.4273333333333333,-1.4326666666666665,-1.4366666666666668,-1.4353333333333331,-1.436,-1.424,-1.419,-1.4273333333333333,-1.4313333333333333,-1.4316666666666664,-1.4246666666666665,-0.145,-0.14433333333333334,-0.14566666666666664,-0.14466666666666667,-0.15033333333333332,-0.14466666666666667,-0.15166666666666667,-0.15266666666666667,-0.14866666666666667,-0.152,-0.153,-0.15166666666666667,-0.145,-0.14566666666666664,-0.14466666666666667,-0.14466666666666667,-0.14466666666666667,-0.14466666666666667,-0.14566666666666664,-0.146,-0.145,-0.14766666666666667,-0.14566666666666664,-0.149,-0.15266666666666667,-0.152,-0.15266666666666667,-0.152,-0.15266666666666667,-0.153,-0.15033333333333332,-0.15066666666666664,-0.152,-0.15233333333333332,-0.15233333333333332,0.0,-0.153,-0.15266666666666667,-0.15233333333333332,-0.152,-0.2688235294117647,-0.14833333333333332,-0.15266666666666667,-0.152,-0.14699999999999996,-0.15033333333333332,-0.14733333333333334,-0.14566666666666664,-0.14533333333333331,-0.15166666666666667,,,-0.153,-0.152,-0.152,-0.152,-0.14466666666666667,-0.15266666666666667,-0.15166666666666667,-0.14566666666666664,-0.14566666666666664,-0.14566666666666664,-0.14466666666666667,-0.146,-0.14566666666666664,-0.14566666666666664,-0.14699999999999996,-0.152,-0.14666666666666664,-0.14433333333333334,-0.14433333333333334,-0.14466666666666667,-0.14466666666666667,-0.14633333333333332,-0.14433333333333334,-0.144,-0.14433333333333334,-0.14433333333333334,-0.14466666666666667,-0.14366666666666666,,-0.14433333333333334,-0.145,-0.14433333333333334,-0.144,-0.14433333333333334,-0.14433333333333334,-0.14433333333333334,-0.14433333333333334,-0.144,-0.14433333333333334,-0.144,-0.144,-0.144,-1.4453333333333334,-1.4373333333333334,-1.434,-1.4476666666666667,-1.4453333333333334,-1.443,-1.4366666666666668,-1.438,-1.4253333333333333,-1.4403333333333335,
22:00,0.0,0.0,0.0,0.0,0.0,0.0,0.0,0.0,0.0,0.0,0.0,0.0,0.0,0.0,0.0,0.0,0.0,0.0,0.0,0.0,0.0,0.0,-1.4126666666666665,-1.391333333333333,-1.43,-1.4276666666666666,-1.426,-1.4286666666666668,-1.425,-1.4296666666666666,-1.4283333333333335,-1.4276666666666666,-1.43,-1.426,-1.4286666666666668,-1.4276666666666666,-1.4253333333333333,-1.43,-1.4289999999999998,-1.43,-1.426,-1.4293333333333331,-1.4256666666666666,-1.43,-1.4269999999999998,-1.4296666666666666,-1.4269999999999998,-1.43,-1.4263333333333332,-1.4289999999999998,-1.4243333333333332,-1.4289999999999998,-1.4276666666666666,-1.4349999999999998,-1.4283333333333335,-1.4386666666666665,-1.4283333333333335,-1.437,-1.4416666666666667,-1.4326666666666665,-1.4256666666666666,-1.4276666666666666,,-1.4246666666666665,-1.428,-1.4253333333333333,-1.4263333333333332,-1.4273333333333333,-1.4273333333333333,-1.4266666666666665,-1.4253333333333333,-1.4276666666666666,-1.4266666666666665,-1.428,-1.428,-1.4256666666666666,-1.4349999999999998,-1.4393333333333334,-1.4346666666666665,-1.4266666666666665,-1.4343333333333335,-1.425,,,-1.4236666666666666,-1.425,-1.4269999999999998,-1.426,-1.4313333333333333,-1.4253333333333333,-1.425,-1.4253333333333333,-1.4273333333333333,-1.4266666666666665,-1.4269999999999998,0.0,0.0,0.0,0.0,0.0,0.0,0.0,0.0,0.0,0.0,0.0,0.0,0.0,0.0,0.0,0.0,0.0,0.0,0.0,0.0,0.0,0.0,0.0,0.0,0.0,0.0,0.0,0.0,0.0,0.0,0.0,0.0,0.0,0.0,0.0,0.0,0.0,0.0,0.0,0.0,,0.0,0.0,0.0,0.0,0.0,0.0,0.0,0.0,0.0,0.0,0.0,0.0,0.0,0.0,0.0,0.0,0.0,0.0,0.0,0.0,0.0,0.0,0.0,0.0,0.0,0.0,0.0,0.0,0.0,0.0,0.0,0.0,0.0,0.0,0.0,0.0,0.0,0.0,0.0,,0.0,0.0,0.0,0.0,0.0,0.0,0.0,0.0,0.0,0.0,0.0,0.0,0.0,-1.4313333333333333,-1.4353333333333331,-1.4269999999999998,-1.4393333333333334,-1.4333333333333333,-1.4323333333333332,-1.4329999999999998,-1.4346666666666665,-1.4266666666666665,-1.4356666666666666,
22:30,0.0,0.0,0.0,0.0,0.0,0.0,0.0,0.0,0.0,0.0,0.0,0.0,0.0,0.0,0.0,0.0,0.0,0.0,0.0,0.0,0.0,0.0,-0.03166666666666666,-0.027999999999999994,-0.036,-0.036,-0.036,-0.036,-0.036,-0.036,-0.034999999999999996,-0.036,-0.036,-0.036,-0.036,-0.036,-0.036,-0.036,-0.036,-0.036,-0.036,-0.036,-0.036,-0.03633333333333333,-0.036,-0.036,-0.036,-0.036,-0.036,-0.036,-0.036,-0.036,-0.036,-0.036,-0.036,-0.036,-0.036,-0.036,-0.036,-0.036,-0.036,-0.036,,-0.036,-0.036,-0.036,-0.036,-0.036,-0.036,-0.036,-0.036,-0.036,-0.036,-0.036,-0.036,-0.036,-0.036,-0.036,-0.036,-0.036,-0.036,-0.036,,,-0.036,-0.036,-0.036,-0.036,-0.036,-0.036,-0.036,-0.03733333333333333,-0.036,-0.036,-0.036,0.0,0.0,0.0,0.0,0.0,0.0,0.0,0.0,0.0,0.0,0.0,0.0,0.0,0.0,0.0,0.0,0.0,0.0,0.0,0.0,0.0,0.0,0.0,0.0,0.0,0.0,0.0,0.0,0.0,0.0,0.0,0.0,0.0,0.0,0.0,0.0,0.0,0.0,0.0,0.0,,0.0,0.0,0.0,0.0,0.0,0.0,0.0,0.0,,,,0.0,0.0,0.0,0.0,0.0,0.0,0.0,0.0,0.0,0.0,0.0,0.0,0.0,0.0,0.0,0.0,0.0,0.0,0.0,0.0,0.0,0.0,0.0,0.0,0.0,0.0,0.0,0.0,,0.0,0.0,0.0,0.0,0.0,0.0,0.0,0.0,0.0,0.0,0.0,0.0,0.0,-0.04,-0.03566666666666666,-0.036,-0.03566666666666666,-0.036,-0.03733333333333333,-0.036,-0.036,-0.036,-0.036,
23:00,0.0,0.0,0.0,0.0,0.0,0.0,0.0,0.0,0.0,0.0,0.0,0.0,0.0,0.0,0.0,0.0,0.0,0.0,0.0,0.0,0.0,0.0,0.0,0.0,0.0,0.0,0.0,0.0,0.0,0.0,0.0,0.0,0.0,0.0,0.0,0.0,0.0,0.0,0.0,0.0,0.0,0.0,0.0,0.0,0.0,0.0,0.0,0.0,0.0,0.0,0.0,0.0,0.0,0.0,0.0,0.0,0.0,0.0,0.0,0.0,0.0,0.0,,0.0,0.0,0.0,0.0,0.0,0.0,0.0,0.0,0.0,0.0,0.0,0.0,0.0,0.0,0.0,0.0,0.0,0.0,0.0,,,0.0,0.0,0.0,0.0,0.0,0.0,0.0,0.0,0.0,0.0,0.0,0.0,0.0,0.0,0.0,0.0,0.0,0.0,0.0,0.0,0.0,0.0,0.0,0.0,0.0,0.0,0.0,0.0,0.0,0.0,0.0,0.0,0.0,0.0,0.0,0.0,0.0,0.0,0.0,0.0,0.0,0.0,0.0,0.0,0.0,0.0,0.0,0.0,0.0,0.0,0.0,,0.0,0.0,0.0,0.0,0.0,0.0,0.0,0.0,,,,0.0,0.0,0.0,0.0,0.0,0.0,0.0,0.0,0.0,0.0,0.0,0.0,0.0,0.0,0.0,0.0,0.0,0.0,0.0,0.0,0.0,0.0,0.0,0.0,0.0,0.0,0.0,0.0,,0.0,0.0,0.0,0.0,0.0,0.0,0.0,0.0,0.0,0.0,0.0,0.0,0.0,0.0,0.0,0.0,0.0,0.0,0.0,0.0,0.0,0.0,0.0,
23:30,0.0,0.0,0.0,0.0,0.0,0.0,0.0,0.0,0.0,0.0,0.0,0.0,0.0,0.0,0.0,0.0,0.0,0.0,0.0,0.0,0.0,0.0,0.0,0.0,0.0,0.0,0.0,0.0,0.0,0.0,0.0,0.0,0.0,0.0,0.0,0.0,0.0,0.0,0.0,0.0,0.0,0.0,0.0,0.0,0.0,0.0,0.0,0.0,0.0,0.0,0.0,0.0,0.0,0.0,0.0,0.0,0.0,0.0,0.0,0.0,0.0,0.0,,0.0,0.0,0.0,0.0,0.0,0.0,0.0,0.0,0.0,0.0,0.0,0.0,0.0,0.0,0.0,0.0,0.0,0.0,0.0,,,0.0,0.0,0.0,0.0,0.0,0.0,0.0,0.0,0.0,0.0,0.0,0.0,0.0,0.0,0.0,0.0,0.0,0.0,0.0,0.0,0.0,0.0,0.0,0.0,0.0,0.0,0.0,0.0,0.0,0.0,0.0,0.0,0.0,0.0,0.0,0.0,0.0,0.0,0.0,0.0,0.0,0.0,0.0,0.0,0.0,0.0,0.0,0.0,0.0,0.0,0.0,,0.0,0.0,0.0,0.0,0.0,0.0,0.0,0.0,,,,0.0,0.0,0.0,0.0,0.0,0.0,0.0,0.0,0.0,0.0,0.0,0.0,0.0,0.0,0.0,0.0,0.0,0.0,0.0,0.0,0.0,0.0,0.0,0.0,0.0,0.0,0.0,0.0,,0.0,0.0,0.0,0.0,0.0,0.0,0.0,0.0,0.0,0.0,0.0,0.0,0.0,0.0,0.0,0.0,0.0,0.0,0.0,0.0,0.0,0.0,0.0,
24:00,0.0,0.0,0.0,0.0,0.0,0.0,0.0,0.0,0.0,0.0,0.0,0.0,0.0,0.0,0.0,0.0,0.0,0.0,0.0,0.0,0.0,0.0,0.0,0.0,0.0,0.0,0.0,0.0,0.0,0.0,0.0,0.0,0.0,0.0,0.0,0.0,0.0,0.0,0.0,0.0,0.0,0.0,0.0,0.0,0.0,0.0,0.0,0.0,0.0,0.0,0.0,0.0,0.0,0.0,0.0,0.0,0.0,0.0,0.0,0.0,0.0,0.0,,0.0,0.0,0.0,0.0,0.0,0.0,0.0,0.0,0.0,0.0,0.0,0.0,0.0,0.0,,0.0,0.0,0.0,0.0,,,0.0,0.0,0.0,0.0,0.0,0.0,0.0,0.0,0.0,0.0,0.0,0.0,0.0,0.0,0.0,0.0,0.0,0.0,0.0,0.0,0.0,0.0,0.0,0.0,0.0,0.0,0.0,0.0,0.0,0.0,0.0,0.0,0.0,0.0,0.0,0.0,0.0,0.0,0.0,0.0,0.0,0.0,0.0,0.0,0.0,0.0,0.0,0.0,0.0,0.0,0.0,,0.0,0.0,0.0,0.0,0.0,0.0,0.0,0.0,,,,0.0,0.0,0.0,0.0,0.0,0.0,0.0,0.0,0.0,0.0,0.0,0.0,0.0,0.0,0.0,0.0,0.0,0.0,0.0,0.0,0.0,0.0,0.0,0.0,0.0,0.0,0.0,0.0,,0.0,0.0,0.0,0.0,0.0,0.0,0.0,0.0,0.0,0.0,0.0,0.0,0.0,0.0,0.0,0.0,0.0,0.0,0.0,0.0,0.0,0.0,0.0,
